2.595814423811069194e-01
9.108544420401951669e-01
5.671647546950493446e-01
2.477601800826546574e-01
1.545921365843814232e-01
3.166075073618921376e-01
3.838069634184582135e-02
5.709163351423474086e-02
2.035574173351119009e-01
4.631981188639766600e-02
-1.603405324779316743e-05
1.138741398410195726e-01
8.975717385489645483e-02
-1.741084631922173998e-02
2.310884169087001894e-02
7.308828254231258814e-02
1.897046756538567358e-02
-1.055981846727727103e-02
2.788646764878932593e-02
3.114735822047043357e-02
-5.969575406560290176e-03
-1.130489615654473035e-02
1.965673180601190673e-02
8.764592364269851998e-03
-1.070390714184776826e-02
-9.665332386346925375e-03
9.104250568696459212e-03
-4.472494252287795291e-03
-1.955584422510914244e-02
-8.708811645452341210e-03
1.293828524095763655e-03
-1.588356679552638262e-02
-1.034653182465339327e-02
-5.559755854693149146e-03
-9.917314680353506162e-03
-8.532171153006196107e-03
-1.705303092410614951e-02
-1.318310443448100777e-02
-1.972011051101674184e-02
-1.501600963133720157e-02
-3.166655795271444696e-02
-1.267063787987932066e-02
-2.448245291060335838e-02
-2.100615397613525559e-02
-1.555237244527729601e-02
-1.744865491384506306e-02
-2.102187262684140912e-02
-1.713819185579201765e-02
-2.199766595967700411e-02
-1.376032139162131074e-02
-1.555518557060753260e-02
-1.646138909482752766e-02
-1.299996742196385391e-02
-1.547869866145701323e-02
-1.194009507210336274e-02
-2.181326255885784882e-02
-2.159821644095871740e-02
-1.667224888079066325e-02
-1.767608720613789153e-02
-1.910154952105980186e-02
-1.892492390071476294e-02
-2.084505858916818610e-02
-2.726709896197010430e-02
-1.944667584113068948e-02
-1.671853222173758091e-02
-2.504380842881115399e-02
-1.602085884494197643e-02
-1.916173383672736819e-02
-1.787282818414515084e-02
-2.444251702955635430e-02
-1.662546948446474993e-02
-1.428992519996930000e-02
-1.783001255940908081e-02
-1.314719312606649204e-02
-2.239984375500569946e-02
-1.912202754065828181e-02
-1.791020591613867730e-02
-1.962122283446809945e-02
-1.884039413192906132e-02
-2.288653975215559910e-02
-2.311367025545507659e-02
-2.008064190696368101e-02
-1.699936726298112433e-02
-9.203553626443650160e-03
-1.661981577382132258e-02
-1.662983926186378802e-02
-1.696056226070785655e-02
-2.040528839355792989e-02
-2.570992008097428005e-02
-1.836576629549901973e-02
-1.609358512282788034e-02
-2.163318080542553368e-02
-2.477566928738839103e-02
-2.502990007139827000e-02
-2.521328178279391707e-02
-2.523793423695219751e-02
-1.526085087667783391e-02
-1.344410810846174975e-02
-2.256060371114076979e-02
-2.167297285049674116e-02
-1.787765717923694986e-02
-1.931282568708958536e-02
-2.261686836763310282e-02
-1.705961379477538564e-02
-1.764686865551490236e-02
-1.661122944683435243e-02
-2.354124499131482473e-02
-1.809738782119119094e-02
-1.574113281211997339e-02
-1.844714841640704428e-02
-1.868843856642588008e-02
-1.948746467139872429e-02
-2.318954257251570894e-02
-1.632384663831798477e-02
-1.992819007343937798e-02
-2.059083097241720672e-02
-1.380990981195839851e-02
-1.437338342489757892e-02
-1.835714120840159502e-02
-1.661417933847886275e-02
-1.440140142712897919e-02
-1.811274069389146035e-02
-2.317001284763198221e-02
-1.918512621463741574e-02
-2.831037249700507630e-02
-2.486672519576504925e-02
-2.399686237797094002e-02
-2.226327887012735651e-02
-1.256517166996462542e-02
-2.288199712173399902e-02
-1.204251059725169881e-02
-2.061589284277376422e-02
-1.918102303613822279e-02
-1.476087724158636760e-02
-2.813789457241422376e-02
-1.651001103055182995e-02
-1.824347811485105275e-02
-1.647102385714105388e-02
-1.972646464775884567e-02
-1.659819316790578370e-02
-2.343303019222253702e-02
-2.139616706999358797e-02
-1.374282387304281983e-02
-1.356768791805396113e-02
-2.097594484320874919e-02
-2.303012822516525837e-02
-1.436247216690667017e-02
-1.855563868141585360e-02
-1.435963087252356551e-02
-2.056903574027213466e-02
-2.183037898519746278e-02
-2.018411572363820738e-02
-1.549967521167849860e-02
-2.331545804591805826e-02
-2.714861643920252199e-02
-2.062491220709183892e-02
-2.372406571987872859e-02
-2.036215231552485072e-02
-1.198601238920082857e-02
-2.427124795982527061e-02
-1.287311144050540257e-02
-2.313842077303740474e-02
-1.474174763743851813e-02
-2.166337662185635615e-02
-2.420587518894912193e-02
-2.868234028406368985e-02
-1.956285727865059165e-02
-1.710544607346298207e-02
-1.319020901737566476e-02
-1.846577273136262853e-02
-1.919363778421478983e-02
-2.430356337374384168e-02
-2.382573384528052785e-02
-2.455849849025781850e-02
-2.113698229440985621e-02
-2.145604170340709160e-02
-1.188652135933176979e-02
-2.816940969818593210e-02
-1.940392240070898389e-02
-1.846584897176706264e-02
-1.533844786370730517e-02
-1.913505963627293305e-02
-1.464794855474926827e-02
-1.664809922547783039e-02
-2.401891303170922143e-02
-1.168637043629749961e-02
-2.005222976793996637e-02
-2.264358244102937512e-02
-1.117085603347356404e-02
-6.107618238738954375e-03
-2.012113722696629026e-02
-2.119560296616262995e-02
-1.455087010696298755e-02
-1.453426335933816205e-02
-2.594989852121187823e-02
-9.532790375044619680e-03
-1.710091173034355982e-02
-2.202610128109561138e-02
-1.875889215679271693e-02
-1.864702828142328350e-02
