8.086365594928339728e-01
7.637343916022985013e-01
1.134101603982270445e-01
2.534643735971011669e-01
4.499737498430979032e-01
2.477708880785213230e-01
1.142790312089492222e-02
7.906684088601445559e-02
1.438354709486064920e-01
6.231874368572443146e-02
1.672922488455186318e-03
5.779416460334185768e-02
1.283934253170706530e-01
1.289587309969721929e-01
7.092753254011785469e-02
1.471161688311584115e-02
2.964868726284319855e-03
1.988129781974945498e-02
2.573927919455665236e-02
1.204823077474215243e-02
1.656576208641125092e-03
1.221205237449318748e-02
3.509629125852908871e-02
5.014854562363879609e-02
4.592276175388643189e-02
2.775865293471124762e-02
9.874633176390368305e-03
2.028946134625453368e-03
2.584116902016431183e-03
3.978441898371709584e-03
2.645681930799725912e-03
1.740608425158329808e-03
5.599068752674019045e-03
1.368485152948639705e-02
2.127772143697836960e-02
2.315171216704547952e-02
1.874400556013433583e-02
1.113686651862022536e-02
4.974349784909182226e-03
2.176103272249152454e-03
1.656042891707509845e-03
1.651618094631657208e-03
2.086373813299458035e-03
4.137542180674191883e-03
8.171732014588539705e-03
1.247477560524967721e-02
1.427177623976172427e-02
1.309314717192799904e-02
9.571374948289301798e-03
6.003930468110096896e-03
3.546206220019443300e-03
2.473264953089970852e-03
2.343752909364948955e-03
3.058878912984508425e-03
4.697438034773404603e-03
7.250912970968581561e-03
9.676120843648439163e-03
1.078716333299500896e-02
1.017739956651864119e-02
7.807685249453522047e-03
5.347086211708207415e-03
3.832242382703410222e-03
3.128764178005449814e-03
3.173894267305965577e-03
3.863422527004667373e-03
5.305225203373287179e-03
6.991557283427818348e-03
8.475496333032683793e-03
8.790342320592614556e-03
8.073985770860825362e-03
6.768072865124263870e-03
5.343916699313555618e-03
4.332106118180356624e-03
3.945773243798855745e-03
4.144700785439270341e-03
4.810770945342657257e-03
5.986937256611146729e-03
6.967098573827379404e-03
7.472953061265497077e-03
7.254742506038303063e-03
6.553265727382795447e-03
5.498826862463612741e-03
4.639547035378277506e-03
4.395238670469869824e-03
4.727224191457657376e-03
5.262294030683012380e-03
5.963704346241938126e-03
6.772932795867991906e-03
7.188946883875613203e-03
6.723300479390070805e-03
5.882696366373951768e-03
5.195524931027262205e-03
4.694942198581686377e-03
4.541459047260554271e-03
4.854919735726825891e-03
5.603057427155500037e-03
6.433075650977393423e-03
7.099561255959896400e-03
7.266367043245236523e-03
6.652442709346173544e-03
5.721818484093033064e-03
4.918252384871868443e-03
4.204138570431115163e-03
4.107005236955840743e-03
4.777330030480642087e-03
5.887305108807305842e-03
7.106581137498402256e-03
7.641721719288563364e-03
7.335117520425149529e-03
6.531374655841970522e-03
5.734903468016638861e-03
4.853176713025320055e-03
4.292960246739085939e-03
4.417768332254490282e-03
5.140104793478039724e-03
6.110611653425968015e-03
7.262423311342192100e-03
7.683186044234013856e-03
7.432627740884600875e-03
6.211029624316299902e-03
5.215405654256155543e-03
4.444334534651650515e-03
4.030393986292346575e-03
4.409681397204656683e-03
5.441875491668635156e-03
6.798634052034846498e-03
7.511517773251430441e-03
7.283338291821706001e-03
6.448869391171840881e-03
5.517617014128117781e-03
4.749734576074748915e-03
4.716676621302817729e-03
5.048078454087390199e-03
5.725741387994198739e-03
6.701460883219878539e-03
7.316852578169719123e-03
7.128516613785995659e-03
6.463570191617029614e-03
5.347928710522920071e-03
4.620909189722022248e-03
4.501132974638943907e-03
4.851790137412215209e-03
5.614604943883660937e-03
6.300360404825178229e-03
6.896680301317292816e-03
6.936328222674759125e-03
6.381180371302308529e-03
5.496165657213669675e-03
4.991525099810711907e-03
4.989147680074634827e-03
5.406475826152279396e-03
5.500528720891573187e-03
5.599312481422202836e-03
5.422575716541144786e-03
5.488590513800128967e-03
5.762033850604586505e-03
5.574313013820164642e-03
5.629631234432497244e-03
5.724807190935932155e-03
5.784630509543142729e-03
5.788277677758135731e-03
5.814048828163609350e-03
5.613367738035668353e-03
5.461070038569326712e-03
5.344418836368047820e-03
5.467894268893158660e-03
5.984373026155176412e-03
6.210572401099567763e-03
6.136745889791295205e-03
6.154295714751678581e-03
5.765506185560487218e-03
5.398112946636945964e-03
5.124959767078940409e-03
4.999019289722461679e-03
5.441432224172371157e-03
6.107972545087547722e-03
6.592571902555133256e-03
6.341379523036372312e-03
5.872124910847098533e-03
5.531990141595888311e-03
5.123630742179696718e-03
5.219550508809400746e-03
5.320822461122975966e-03
5.709057465009048649e-03
6.057671971915756792e-03
6.344364989401607424e-03
5.998539000805269694e-03
5.312369343489220519e-03
5.231414327261374453e-03
5.409572068467594086e-03
5.561611460578652633e-03
5.922846172843110324e-03
6.152073431138105342e-03
6.335825551339935302e-03
6.126361090906806695e-03
5.891776316087726784e-03
6.419120498299069055e-03
6.468369140079865964e-03
6.020499244475341349e-03
5.609882580208336300e-03
