-4.615809201382070626e-02
6.937008507186368522e-01
8.057399619923372169e-01
4.356969942455455325e-01
5.633805030032910111e-01
7.178674368649948789e-01
2.428559649096092565e-01
4.746964032449452198e-03
3.761985073259603851e-01
1.428660271528824355e-01
-1.522879820171416654e-01
1.424789347190730249e-01
1.185970534249992658e-01
-1.548125204004784372e-01
-3.447286004257588132e-02
6.307611619603392672e-02
-7.670794677673953288e-02
-1.401133157379756966e-01
-2.119676984244689422e-02
-4.889218562629715770e-02
-1.595089406629914830e-01
-9.799734300869511472e-02
-4.194523510613135109e-02
-1.224739749091887653e-01
-1.622706601855468111e-01
-9.196032502416828791e-02
-1.031659777620443919e-01
-1.546005295974779425e-01
-1.370612186572395252e-01
-9.333295299514587917e-02
-1.333140348727466229e-01
-1.488195203658755350e-01
-1.052552677037070783e-01
-1.423757490531760705e-01
-1.616193943386914356e-01
-1.285943582296196208e-01
-1.232665435589082037e-01
-1.530455456664192582e-01
-1.502358776432262122e-01
-1.345194915562288873e-01
-1.850165119108218015e-01
-1.426938559677553009e-01
-1.457869656934440705e-01
-1.695617177960455635e-01
-1.647725995631275087e-01
-1.501136144169314957e-01
-1.513905359500489212e-01
-1.588937170343083238e-01
-1.480075932706268471e-01
-1.548047686533982059e-01
-1.601266361379405367e-01
-1.570766038565978295e-01
-1.459558909336156063e-01
-1.643654600380308750e-01
-1.525275190960151406e-01
-1.495893532511163304e-01
-1.644119520860909400e-01
-1.533709619060033003e-01
-1.568660769151026813e-01
-1.682026178460618304e-01
-1.638813407902999231e-01
-1.613886430951883000e-01
-1.690035891608550056e-01
-1.630867211068984801e-01
-1.551552707419154853e-01
-1.634265948128108548e-01
-1.614106607502097113e-01
-1.565283861412654076e-01
-1.637396452360921906e-01
-1.680248600600406927e-01
-1.587302910755021834e-01
-1.668911898492979606e-01
-1.656780367220966887e-01
-1.625626236391883861e-01
-1.479093337630894567e-01
-1.579399507793233237e-01
-1.555389068580685930e-01
-1.631867705548992742e-01
-1.539942173297090822e-01
-1.628646080286966225e-01
-1.707865502735343988e-01
-1.603023444755888871e-01
-1.679890276545834560e-01
-1.611125080816711019e-01
-1.624811779461294847e-01
-1.665376374417883998e-01
-1.578251511152812814e-01
-1.665815572417639334e-01
-1.691750427768861087e-01
-1.738534375679108290e-01
-1.672712472325974531e-01
-1.620136234556193155e-01
-1.677550327773300598e-01
-1.703512264996276393e-01
-1.636725252880661952e-01
-1.563840273608625431e-01
-1.489008466897066008e-01
-1.515269183540481901e-01
-1.711231207774428498e-01
-1.594263132410476125e-01
-1.582999809728102836e-01
-1.583174821999164816e-01
-1.683428348766846661e-01
-1.623200688125441271e-01
-1.482957833702842620e-01
-1.646729173168040017e-01
-1.652584729092618776e-01
-1.737416302259182643e-01
-1.617821321615833252e-01
-1.516902905424373227e-01
-1.606082556634826908e-01
-1.648357234869561871e-01
-1.702615159405906908e-01
-1.691815440105557400e-01
-1.577888146578565465e-01
-1.601616135061183499e-01
-1.574888098425359928e-01
-1.613979115478532123e-01
-1.619064249160440117e-01
-1.556951154164520901e-01
-1.536338084569732754e-01
-1.577679041503510238e-01
-1.659059535603761848e-01
-1.549309636806042167e-01
-1.668815907974929846e-01
-1.603838864602076253e-01
-1.764440178684874017e-01
-1.593043462200454119e-01
-1.495511734984755758e-01
-1.731774039310440827e-01
-1.788187359263506693e-01
-1.638159231660893944e-01
-1.652558582828580480e-01
-1.576609702297662174e-01
-1.694085687464628176e-01
-1.626660621256286188e-01
-1.548610059374433412e-01
-1.528356875612939536e-01
-1.495876434919503062e-01
-1.707658953451374195e-01
-1.806261365430150700e-01
-1.648275095662921075e-01
-1.523012361241260493e-01
-1.641066323774094116e-01
-1.622418071797717687e-01
-1.606905622815639756e-01
-1.732375721821575176e-01
-1.599554947415320338e-01
-1.683188662194292640e-01
-1.669354070144242197e-01
-1.624740954515357938e-01
-1.707430751831253701e-01
-1.578601137603241611e-01
-1.612162640323968610e-01
-1.737661124183638162e-01
-1.719311667519232145e-01
-1.682893878898885642e-01
-1.581936912606864976e-01
-1.643366848096272648e-01
-1.681809594656995532e-01
-1.566219373188366681e-01
-1.594135485854326628e-01
-1.671646105322666109e-01
-1.493787349075850202e-01
-1.592492756007306554e-01
-1.677932361091862834e-01
-1.721222224845737614e-01
-1.746962966525975602e-01
-1.624380102770124346e-01
-1.568215648123008066e-01
-1.679441457826233997e-01
-1.787264288691661207e-01
-1.588656266032848485e-01
-1.611571392753867737e-01
-1.730514000464744573e-01
-1.652974348552986861e-01
-1.624949858269990610e-01
-1.589549738526665479e-01
-1.714334921444777837e-01
-1.742891074690025022e-01
-1.700307226710215946e-01
-1.580766125862722582e-01
-1.477317682893413142e-01
-1.552912245598561114e-01
-1.712372846427816508e-01
-1.629389932547051778e-01
-1.636488217361311559e-01
-1.698921745842030262e-01
-1.625373240134675434e-01
-1.716718433627986151e-01
-1.632571719115996078e-01
-1.554426195486018347e-01
-1.663294371314585351e-01
-1.554782120121822597e-01
-1.677030445482763366e-01
-1.639422858240999759e-01
-1.724702244320430733e-01
-1.740074480040902927e-01
-1.726298804101991102e-01
-1.606648406164026266e-01
