1.095149909898107676e-01
7.968990027904567786e-01
5.914088038070020037e-01
4.328041872222683217e-01
-1.266004757815473170e-01
2.509023294148839955e-01
1.193127092524651767e-01
-1.395109757753931756e-01
7.716685702036973904e-02
7.495450755180310676e-02
-1.150375535196150878e-01
-7.434927639438049241e-02
1.726549202738481004e-02
-5.269973406172279162e-02
-1.307279609929683506e-01
-6.889004092141415292e-02
-2.869311521104056517e-02
-9.653724038537814245e-02
-1.330520926835792039e-01
-8.423659132487482104e-02
-6.806017561197075239e-02
-1.184509732306249230e-01
-1.298570383862291955e-01
-8.878613587606443147e-02
-9.541519267628095768e-02
-1.374056536369436810e-01
-1.214617241488484822e-01
-9.313979344842282515e-02
-1.197951018534453294e-01
-1.335514485966120546e-01
-1.277247079510985817e-01
-1.156103868447422300e-01
-1.155528837359109939e-01
-1.306047834966195254e-01
-1.234184297240410455e-01
-1.056343575421632153e-01
-1.290969408322366618e-01
-1.328298708397175343e-01
-1.268128072363639003e-01
-1.195869075317086416e-01
-1.605479571486594370e-01
-1.176210328429216911e-01
-1.228232337522945361e-01
-1.444296440593832997e-01
-1.351821790995524353e-01
-1.264485160836630318e-01
-1.378697797852483919e-01
-1.315149428519128971e-01
-1.282444051744842106e-01
-1.265016409933499286e-01
-1.271422043399506041e-01
-1.308975191631460699e-01
-1.254175815765292690e-01
-1.228215525700948607e-01
-1.260500720440200784e-01
-1.383749680701387152e-01
-1.366323645753864113e-01
-1.274005585177657718e-01
-1.328601922439041072e-01
-1.406592282725682708e-01
-1.354526221433212108e-01
-1.303929874958453805e-01
-1.401241988657837556e-01
-1.317276603867854057e-01
-1.303838206081366913e-01
-1.333391681873032919e-01
-1.300306639978610068e-01
-1.286691427372230745e-01
-1.269739969957763837e-01
-1.405988135917024540e-01
-1.259551301071524243e-01
-1.326317075009899593e-01
-1.368635001267428652e-01
-1.289932944153258099e-01
-1.371728235861746636e-01
-1.322626029941025294e-01
-1.300595660887098326e-01
-1.355244444911525292e-01
-1.294936677904909850e-01
-1.368872383189447817e-01
-1.363769750327192831e-01
-1.363280788604037674e-01
-1.320822529615066632e-01
-1.184102992577666935e-01
-1.366641780326820488e-01
-1.331628751939650801e-01
-1.328981095692320924e-01
-1.407279973068373824e-01
-1.370392553976804706e-01
-1.365750037954027718e-01
-1.362965350787821439e-01
-1.313710682036022259e-01
-1.342322950017267313e-01
-1.379765639188312853e-01
-1.398112692102937427e-01
-1.339473188737816400e-01
-1.259378432007354220e-01
-1.225407107689380215e-01
-1.362796218102184653e-01
-1.328116980577527251e-01
-1.287055157834302577e-01
-1.259395740215176751e-01
-1.536095074636698588e-01
-1.352617425216997571e-01
-1.320755118239389514e-01
-1.380563789007636100e-01
-1.366205147344192739e-01
-1.271777774625597601e-01
-1.276083585037404156e-01
-1.358435526756420764e-01
-1.316025532327120828e-01
-1.366127912220109764e-01
-1.452454884663121337e-01
-1.292314509173286829e-01
-1.302246285308741314e-01
-1.277857926783290132e-01
-1.307656197001743070e-01
-1.225089250196611523e-01
-1.358372600198121116e-01
-1.316001429069797446e-01
-1.230036008961028493e-01
-1.374607857612746287e-01
-1.461598662425112050e-01
-1.321911464480771681e-01
-1.382148367253852594e-01
-1.424879157274243635e-01
-1.453696546715341764e-01
-1.354232749478274656e-01
-1.281556488583979192e-01
-1.372879374849500511e-01
-1.216442747205581654e-01
-1.342518638016159116e-01
-1.326689376932501663e-01
-1.244320585453457806e-01
-1.398644311262693396e-01
-1.245893527632180309e-01
-1.300152513657750752e-01
-1.279598481433867896e-01
-1.277745732672286305e-01
-1.256546597907612917e-01
-1.456624517913815975e-01
-1.412159330128743839e-01
-1.273780569602711576e-01
-1.281136002915179706e-01
-1.385854931559145076e-01
-1.402192023081414440e-01
-1.317068567682142533e-01
-1.374086684035558115e-01
-1.300420622076681187e-01
-1.365430978837107734e-01
-1.358750919037772231e-01
-1.308151205512497750e-01
-1.292547535366614930e-01
-1.362654820899409369e-01
-1.380569847674708583e-01
-1.308835183927994361e-01
-1.373075354252641933e-01
-1.263018131088384788e-01
-1.275825944236033127e-01
-1.425922489139455074e-01
-1.341883212516870039e-01
-1.365817695527216102e-01
-1.310333943900090503e-01
-1.324464545855728037e-01
-1.324449481659437655e-01
-1.467767273066582501e-01
-1.396078831248368513e-01
-1.315237354075211584e-01
-1.298427752462560925e-01
-1.242770971287960879e-01
-1.399808035835590214e-01
-1.393705805504243944e-01
-1.378052368189277566e-01
-1.350001127404099055e-01
-1.388664054680752713e-01
-1.417190541417370220e-01
-1.227192400794396843e-01
-1.411966198355896207e-01
-1.384847083332392259e-01
-1.308774624791391172e-01
-1.353452932260104102e-01
-1.342609882723264647e-01
-1.325033965368038746e-01
-1.311030161373842873e-01
-1.416240333020097886e-01
-1.292558741487737084e-01
-1.373782598819930367e-01
-1.360202091803481839e-01
-1.334790353303683119e-01
-1.229959086235030696e-01
-1.337418441350815002e-01
-1.331777230170017035e-01
-1.347731429359269040e-01
-1.339751492252145848e-01
-1.382085788618681033e-01
-1.263554489224454347e-01
-1.335526917344269648e-01
-1.316273605518256673e-01
-1.310939069674457169e-01
-1.268791321646247638e-01
