9.905101399424589559e-01
5.466094380436239408e-01
2.213836736243094405e-01
2.349263807832506767e-01
4.106618885694177656e-01
1.090360771161223985e-01
5.646214547451311461e-02
1.784202581959496436e-01
4.021799988446106422e-02
4.420452349020986826e-02
1.845616874625682913e-01
1.508564389295795616e-01
2.206645378471416841e-02
2.173522546316819515e-02
6.373659382187235600e-02
1.918067401567946639e-02
1.241063491743377156e-02
8.153327721680092566e-02
9.379514580928649536e-02
3.353120144057430974e-02
1.816007213113479679e-03
2.054106168140146238e-02
1.403659463309936406e-02
2.545015012057727510e-03
3.332911749145039959e-02
5.913936748585901793e-02
3.583755314793668489e-02
4.926383681408297299e-03
4.951591736641614006e-03
8.282041416645680165e-03
1.652675280753745923e-03
1.505878528147741591e-02
3.583782804983182135e-02
2.963819710146708974e-02
7.940167285001242803e-03
1.821143319746698630e-03
3.487605554208461633e-03
1.690211897854454470e-03
1.001822214260228439e-02
2.297125880953920785e-02
2.053095756764278246e-02
7.200318273547057224e-03
1.717554938901688644e-03
1.655989405601188125e-03
3.212314155297435470e-03
1.087179577366004235e-02
1.689017101627399153e-02
1.202899591478390207e-02
4.178964902264881154e-03
1.919537875121335446e-03
2.314344842228255317e-03
6.041980860464146730e-03
1.184618556394034794e-02
1.154709534468678633e-02
5.969350533341133414e-03
2.700750016697672784e-03
2.551014779540339283e-03
5.097096079073493158e-03
9.744537871208991398e-03
1.071846254010044852e-02
7.178258255290503875e-03
4.049569172205669254e-03
3.133963115727111948e-03
4.130282686209074683e-03
6.993205139205649346e-03
9.209606277740256530e-03
7.738871417661608021e-03
4.986867960664831401e-03
3.888170048444217208e-03
4.500184026416609306e-03
6.211385584534823145e-03
7.952565300617608912e-03
7.251690724545678535e-03
5.591055375117059967e-03
3.815121992589487476e-03
3.891681207951580568e-03
5.742970901994159938e-03
7.937586040062449833e-03
7.752701898393721258e-03
5.945903246415196186e-03
3.973521912079225338e-03
3.912970762161238625e-03
5.674885000033991211e-03
7.596486237774979777e-03
7.629417813151295746e-03
5.880737072022634848e-03
4.883429020430041234e-03
4.706033788801744500e-03
5.162334837991000569e-03
6.893366637618858483e-03
7.460729549312095088e-03
5.443777604368205125e-03
4.419791709501463828e-03
5.032435867170836907e-03
6.928023799784188697e-03
7.426545431350128901e-03
5.778206349615899740e-03
4.609620615160681112e-03
4.780981197894385026e-03
6.167188064156392535e-03
7.366372590717484847e-03
6.658454190533569239e-03
5.959006684738810122e-03
5.312060610962232587e-03
4.686374587550501403e-03
5.430584601550547674e-03
7.110389852608811623e-03
7.171300256115675786e-03
5.378223202605170172e-03
4.280004198597975318e-03
4.842165461568681550e-03
6.754816467072655151e-03
7.910514467876161859e-03
6.382683602350169849e-03
4.364841890419524084e-03
4.631669602975452271e-03
6.188912662749457283e-03
7.154281161800390976e-03
6.029588258832041525e-03
4.445680750635561118e-03
4.630794933030313310e-03
6.623528707898618251e-03
7.442052963147038902e-03
5.691332995533926464e-03
5.165358612867487764e-03
4.869766918541240663e-03
5.787183788360183989e-03
6.263244836229198143e-03
5.540125656763983386e-03
5.292723612160932234e-03
6.337229326904614268e-03
6.766190796329119017e-03
5.786552226474173111e-03
5.151117246768865954e-03
5.720676313167860627e-03
6.766213277111465807e-03
6.837863871769100932e-03
5.337782702462989803e-03
4.200834392475982781e-03
5.299677180088169237e-03
7.206399797674789554e-03
7.797478169837446238e-03
5.184950503087426554e-03
3.992545049553375414e-03
5.617841994105199355e-03
7.557231858324686691e-03
7.234540839740621898e-03
5.791283436881622393e-03
4.730941196124938131e-03
4.836399081153297530e-03
5.966857840316586170e-03
6.691725430640338423e-03
5.320861894396178293e-03
5.128919314819180286e-03
6.138545417373908464e-03
7.083528581545706082e-03
5.488616821163860848e-03
5.073932780236045659e-03
6.003873930850001095e-03
6.015706878694571103e-03
5.859091966397667051e-03
5.452955286385563483e-03
5.759148352260434756e-03
5.785599472231006679e-03
5.907064421030616685e-03
5.650502790041089796e-03
6.969844256219048795e-03
6.851435049230025776e-03
5.399879099431847962e-03
4.275651589945694830e-03
5.895244690238721219e-03
7.587019663693128635e-03
6.841613284386038885e-03
4.812803597371129172e-03
5.112842017809926531e-03
5.833855129169340792e-03
6.659615450660516522e-03
6.754997303818011112e-03
5.961922796857144213e-03
5.275710786466492053e-03
6.517622849900872595e-03
6.254637247896543961e-03
5.580125132861435411e-03
5.921027036679293865e-03
4.846305351546842388e-03
6.163748504407484674e-03
6.420003687084396837e-03
6.027161391954027891e-03
5.509029012914390400e-03
5.427564351015878863e-03
5.894925190895961009e-03
5.891454099012816137e-03
5.671213275529995990e-03
5.263876937788292132e-03
6.223220366733062114e-03
5.902451377695738799e-03
6.011538944011407537e-03
5.601611447737298022e-03
4.856135997314936503e-03
5.672897807309840168e-03
