-3.535073000478163863e-01
5.077116559708174659e-01
7.939294286084861429e-01
2.179514089180294434e-01
6.180633109679559700e-01
8.323467278315203055e-01
3.811013081573062511e-01
-5.917391174110631091e-02
2.153210828139219268e-01
-4.233976680052422559e-01
3.030567053441235448e-02
-5.134223592965647676e-02
-4.123051546683884627e-01
-9.310055040233500279e-02
-2.426245889444353931e-01
-3.906963397811813454e-01
-1.484228249055234983e-01
-2.955784081633856530e-01
-3.894942792182787272e-01
-2.242580767951027898e-01
-3.495086517488283917e-01
-3.821380047569575833e-01
-2.533040478908441528e-01
-3.666517615173572331e-01
-3.985424699656667791e-01
-3.033897699838161710e-01
-3.762132392081980470e-01
-4.074501380910566795e-01
-3.468952291219020712e-01
-3.822960003169901810e-01
-3.745635085137610787e-01
-3.496670358197722095e-01
-4.149219168008080327e-01
-3.906127141807911318e-01
-3.740826600940900803e-01
-4.024321172416318593e-01
-3.845855402063202977e-01
-3.758376727626031588e-01
-4.234171434988696081e-01
-3.829630218659048069e-01
-4.213258654450893204e-01
-4.124468364070787985e-01
-3.893499935746871365e-01
-4.137977175209073266e-01
-4.037661358751432061e-01
-4.012467270871766800e-01
-4.063042474884415167e-01
-4.072716684571091594e-01
-4.142421857773990190e-01
-4.300203791497239081e-01
-4.129966355977998660e-01
-4.000445579400238039e-01
-3.699553580703085487e-01
-3.996863923649127681e-01
-4.275349164750981146e-01
-3.958752027214029745e-01
-4.109187038163566452e-01
-4.060253542698788465e-01
-4.024043832824235611e-01
-4.182619194231356197e-01
-4.193158797284681771e-01
-3.987225373200602441e-01
-4.322656511081759412e-01
-4.204804809457369785e-01
-4.157568909626649933e-01
-3.993844086197668730e-01
-4.115243504750700776e-01
-4.108644554598348542e-01
-4.227069991761731593e-01
-4.241627390947420029e-01
-4.095778296405214736e-01
-4.299101336584580935e-01
-4.087624468714443626e-01
-4.421303829258591556e-01
-4.024327935525071620e-01
-4.141823189998294907e-01
-4.115209453998982525e-01
-4.150505758891909203e-01
-4.025708778311181124e-01
-4.147828064965830563e-01
-4.114800203837021275e-01
-3.956633814615049261e-01
-4.192657941811637201e-01
-4.219718139547734559e-01
-4.080599307758476790e-01
-4.296775766103129168e-01
-4.132415676670373461e-01
-4.183649956818817905e-01
-4.109507667656990826e-01
-4.253211031485484295e-01
-4.218925514485118988e-01
-4.243288231382991160e-01
-4.113365426131878611e-01
-4.260511753475197949e-01
-4.131200272424906395e-01
-4.067977475732589276e-01
-4.255047285504600652e-01
-3.999324186575767826e-01
-4.273259824705684107e-01
-4.083119249844333609e-01
-4.421703115187580746e-01
-4.169633649962622979e-01
-4.208427586290905964e-01
-4.073431666782267868e-01
-3.971132053035091314e-01
-4.255127851540583261e-01
-4.050710943210757975e-01
-4.371612582666317692e-01
-4.315168997139822160e-01
-4.133663716986353265e-01
-4.150236154370470221e-01
-4.145278070762332678e-01
-4.224642016154043223e-01
-4.230313945430494993e-01
-4.285028509920669748e-01
-4.096603301307015776e-01
-4.279423237423136683e-01
-4.226222489632420753e-01
-4.061229698773141106e-01
-4.328113569014624407e-01
-4.146775189472851064e-01
-4.158962452421191003e-01
-4.199106283418978514e-01
-4.187360275571203605e-01
-4.046526899685025658e-01
-4.269584496972018695e-01
-4.249818473701487687e-01
-4.258961577402784471e-01
-4.115599736072790282e-01
-4.376885756446897702e-01
-4.249370013609778951e-01
-4.218201524579237027e-01
-4.093540835075299977e-01
-4.149875648060266098e-01
-4.222460681830733087e-01
-4.284253842302165882e-01
-4.018303043035762467e-01
-4.143868842843028144e-01
-4.005169326938682328e-01
-4.210382006058319693e-01
-4.388787749061413557e-01
-4.242005275649172180e-01
-4.376311862579240763e-01
-4.056835767156963257e-01
-4.048110022568707222e-01
-4.386853496069236247e-01
-4.372472404218823439e-01
-4.060299880029945019e-01
-4.243956283562184684e-01
-4.324049585953133601e-01
-4.120122145040101547e-01
-4.303362849173413274e-01
-4.088726612827113804e-01
-4.166364255070353906e-01
-4.145568657886067321e-01
-4.335710478028083070e-01
-4.162404406618522845e-01
-4.154132575049249709e-01
-4.252647050933373585e-01
-4.198173061826713237e-01
-4.133731771839286306e-01
-4.117950273752659651e-01
-4.215009581784858739e-01
-4.189315914124682738e-01
-4.258949996254803860e-01
-4.224859161383209827e-01
-4.378323300200883672e-01
-4.309804445279994400e-01
-4.243684909893372659e-01
-4.275492574181540828e-01
-4.343470431342280058e-01
-4.177395702002406619e-01
-4.118637207256901078e-01
-4.227803861102943372e-01
-4.365720067698259932e-01
-4.185164808600227992e-01
-4.353945429187433547e-01
-4.254818559021626978e-01
-4.449362143706041550e-01
-4.385129228398272350e-01
-4.344337326137044375e-01
-4.165091526282183043e-01
-4.193624904822155219e-01
-4.220184077762814123e-01
-4.291649282940894761e-01
-4.249275793123021838e-01
-4.247608831972868870e-01
-4.199458283924093482e-01
-4.273087702049662706e-01
-4.414052219360495855e-01
-4.212091730860070271e-01
-4.147776170368990822e-01
-4.234584323033843134e-01
-4.216251054340298676e-01
-4.330556933515894436e-01
-4.186970896657669083e-01
-4.208123430587471514e-01
-4.209491040608799306e-01
-4.335912173933758051e-01
-4.146892461689872800e-01
