7.025624702309419822e-01
2.397741293887167835e-01
2.133040657685059127e-02
8.242355833307268842e-01
9.369731112954892138e-01
2.228442095352198837e-01
3.005170343012020240e-02
4.187653606156936936e-01
-9.158338029220614018e-03
4.155744657384795593e-01
3.776178406861052661e-02
3.363183053704852377e-01
1.979526136111280366e-01
9.171802386174277011e-02
2.385051987958439756e-01
-1.456781091650860560e-02
1.822186454233910569e-01
5.432062727442821259e-02
5.927162205353853075e-02
1.221917387285407219e-01
-2.237588416792513080e-02
9.574826850953943591e-02
2.485372401853358504e-02
3.260470508517132604e-02
6.962676855497451633e-02
-1.524842304255424885e-02
4.599887334012275897e-02
-4.222436301063003938e-03
1.267017370391276820e-02
3.089502872439142678e-02
-1.711920797779664660e-02
3.981916513635952448e-02
-1.449130967540557258e-02
2.541301756340041962e-03
5.031433650271477376e-03
-1.980723217541191516e-02
2.346452897728945608e-03
-2.291650715238269242e-02
-5.330494603518420860e-03
-2.314290608037072872e-02
-1.354077387298024959e-02
-9.195561639688154543e-03
-1.484382675542583740e-02
-4.143428426693906985e-03
-2.026871981736344530e-02
-9.373071082269701648e-03
-2.016163386801617108e-02
-9.235596372953347455e-03
-1.588388095979631487e-02
-2.029838971860931096e-02
-2.324359084375848816e-02
-1.556939557716074951e-02
-1.683846475489647609e-02
-2.455731806485261792e-02
-2.516519067299705092e-02
-2.093352704918349794e-02
-1.235938614264764368e-02
-1.385937338422849052e-02
-2.181107184210895333e-02
-1.911683921403461994e-02
-1.005806568902878340e-02
-1.538190189011579001e-02
-1.262722113969294568e-02
-2.076731541185150576e-02
-9.756992975557432501e-03
-2.574305617805539015e-02
-1.891988508072106612e-02
-1.887364793147416897e-02
-2.020247607130976064e-02
-2.049330182220421293e-02
-1.381190481637739609e-02
-2.176363772472078573e-02
-1.803783258103797138e-02
-2.600115835140126563e-02
-2.086720170781841688e-02
-1.916662686673120675e-02
-1.180306354822202586e-02
-2.055496171757686952e-02
-2.382819004097580518e-02
-1.998432865992971763e-02
-1.220812381214497755e-02
-1.763828989644578016e-02
-1.715127365213020560e-02
-2.398734971218852152e-02
-1.482516243712916904e-02
-2.352142994747818960e-02
-1.848251772236020329e-02
-2.218193379591948400e-02
-2.291361030019567480e-02
-3.188022023833148033e-02
-2.410152047305080814e-02
-2.275838010077024798e-02
-1.668389466046971137e-02
-2.027510772799745453e-02
-2.161961374829890481e-02
-1.904723637817351545e-02
-3.081661189976814264e-02
-2.676981014894308508e-02
-2.335926038173830044e-02
-2.471911414740302071e-02
-2.680808591228411863e-02
-1.757859453397481175e-02
-2.128501073017030620e-02
-1.572675047858984598e-02
-2.900833383381717923e-02
-1.404456579749480127e-02
-2.316583016170881137e-02
-2.404535739786428650e-02
-2.627502650104873716e-02
-1.688215908205714655e-02
-2.761095308839101037e-02
-2.181295931327809079e-02
-1.983791527506872931e-02
-2.234812258791629702e-02
-2.926886844168197221e-02
-2.154246815758065203e-02
-2.097439683886581641e-02
-1.553669991631423386e-02
-1.114625489278342485e-02
-2.130474795425163492e-02
-1.980157381516933768e-02
-1.921356178834909834e-02
-2.327844493853681307e-02
-2.976432822113572740e-02
-3.044195055193887889e-02
-2.696683321702741942e-02
-2.067206286926914771e-02
-1.965456241979146590e-02
-2.063749181572416269e-02
-1.648799388997179705e-02
-1.698663926207100161e-02
-1.653910570863570406e-02
-1.797710029332133530e-02
-2.116837037247343289e-02
-1.811348991790628915e-02
-2.525329834978662369e-02
-1.945031498787952451e-02
-2.733883948763526917e-02
-1.421305040365772321e-02
-1.266538189509880397e-02
-2.403784760272520415e-02
-1.099482806844909177e-02
-2.218327015023868753e-02
-2.241682625592167355e-02
-1.244901388241581586e-02
-2.610761957582941051e-02
-2.197708277499321738e-02
-5.485560162640235049e-03
-1.489343072066873219e-02
-1.228437535594717467e-02
-1.432032565347474140e-02
-1.505957228725796071e-02
-2.200607880098193192e-02
-1.524612051106211119e-02
-8.570587471071311469e-03
-1.638308763538209867e-02
-2.241015508983101867e-02
-1.667083394200297164e-02
-1.992348325885262561e-02
-2.149517572227854778e-02
-1.884883932316028243e-02
-2.464637690319992913e-02
-1.846274280304815996e-02
-1.924704326445314528e-02
-1.918408614409572444e-02
-2.106544705798474304e-02
-1.735655429507487746e-02
-2.285742077802233041e-02
-1.746876852040069039e-02
-1.540358512837425309e-02
-1.455053461798905268e-02
-1.963647623833941758e-02
-1.848428483448572024e-02
-2.354773717270330913e-02
-1.752494833499818050e-02
-2.063727786380509244e-02
-2.134441441877177326e-02
-1.460221648369719460e-02
-8.232759774785991524e-03
-2.670862846789101575e-02
-1.688204389218062040e-02
-1.835461078081546127e-02
-2.768359375127604771e-02
-3.047782733805703970e-02
-1.468318509123101023e-02
-1.773366081666005734e-02
-1.006345218175908052e-02
-1.580506309500773199e-02
-1.845200963745785572e-02
-2.409994207321708437e-02
-1.794029410526665202e-02
-2.393715376264538008e-02
-1.309140044881407228e-02
-1.991263741701598811e-02
-1.340486842318955318e-02
-2.482230339032787114e-02
-1.138640927613776554e-02
-1.452377248399461251e-02
-2.043821650408572665e-02
-1.720626373676359400e-02
