9.908103670164714050e-01
6.413534233785993521e-01
4.721612095278243659e-01
5.723375955448772867e-02
5.071155442293759918e-01
3.732290079788187498e-01
1.518652243645668420e-02
1.312353399147645483e-01
1.304207853521514027e-01
2.073465179203481945e-03
1.328527720727664674e-01
2.503410938555337140e-01
1.597408224845039415e-01
1.664785238086996522e-02
2.234152078085882565e-02
4.631255538923551018e-02
6.042604894285541484e-03
3.279259462210615261e-02
1.206171632240783387e-01
1.295473859522873195e-01
5.349235157942633379e-02
2.702741516203865935e-03
1.122874727104816728e-02
8.074924364512625630e-03
5.299616925909522713e-03
4.925931854599829851e-02
8.544404065713562257e-02
6.217563845183704530e-02
1.678031744775554390e-02
1.650372318721005094e-03
3.420877373767172713e-03
2.183662969713950908e-03
2.070209792268395965e-02
5.284275107220892664e-02
5.469119221659168861e-02
2.628763656571109220e-02
5.023339243678148769e-03
1.647025002506241620e-03
2.275474928805754082e-03
1.375710417588715817e-02
3.566942961333763318e-02
4.142959453084527066e-02
2.476853715411819756e-02
8.122637101520946423e-03
3.052048774587534652e-03
4.517198220388096708e-03
1.391454597198593657e-02
2.794799613760956536e-02
2.955451923307006457e-02
1.916647067991905651e-02
8.952932703695681838e-03
5.792920319696914788e-03
8.183617831374001561e-03
1.612717388406659236e-02
2.271420957415293262e-02
1.905080057060382082e-02
1.281728485835442743e-02
8.734286339513785968e-03
9.648137172664883465e-03
1.420910663760055481e-02
1.989136230288013341e-02
2.040508700115140073e-02
1.600556864349378383e-02
1.152629159115803326e-02
9.418007694255270401e-03
1.101655789261202223e-02
1.472969593371997732e-02
1.888025927205982946e-02
1.947335777618186547e-02
1.519313130547317314e-02
1.131815833818128336e-02
1.032211693534434982e-02
1.259214119123885922e-02
1.628154416045501929e-02
1.542067912126521279e-02
1.296498809751422954e-02
1.193706126036175874e-02
1.354575500644139563e-02
1.563703377740233158e-02
1.600516924619566073e-02
1.279135179265589173e-02
1.034663728679408035e-02
1.181724739250367140e-02
1.649968833991966033e-02
1.925920055277585696e-02
1.674693541696148369e-02
1.186994215308090350e-02
9.306261193817388921e-03
1.176508693549083162e-02
1.813706501172873686e-02
1.963048952157286919e-02
1.396847406845591610e-02
9.943340994295613022e-03
1.145145511529166438e-02
1.596101030325192127e-02
1.788373228698725281e-02
1.522956971951494598e-02
1.157735855948371917e-02
1.048896099201190868e-02
1.332874863153554745e-02
1.667304394588631222e-02
1.710751356744599772e-02
1.416764833591188655e-02
1.191661634890817112e-02
1.161725536222590893e-02
1.393082961410119225e-02
1.659213739992237979e-02
1.685732384130789185e-02
1.322317102748271633e-02
1.083613185123588618e-02
1.262067305037017917e-02
1.637353593595902712e-02
1.788612768581376855e-02
1.568547177124801628e-02
1.188818622176157636e-02
1.105227928343222032e-02
1.342965105274274151e-02
1.678899623951357611e-02
1.597611973674983865e-02
1.261329693265478280e-02
1.157479590242560530e-02
1.372740316409415406e-02
1.674086770049820760e-02
1.480935528082050201e-02
1.237622072406086016e-02
1.207009130905900562e-02
1.542105564821705244e-02
1.632148671301170140e-02
1.374793905473381539e-02
1.171792535630933330e-02
1.385469189892796216e-02
1.697449111130244770e-02
1.682726871972306526e-02
1.330807165400882397e-02
1.206179935836237949e-02
1.457347313934764799e-02
1.563171441339772372e-02
1.459807538011170802e-02
1.222207218794335581e-02
1.273619942533299465e-02
1.551677914639715272e-02
1.824504921699166005e-02
1.281937363430674104e-02
9.848230993166895431e-03
1.174086897893777959e-02
1.642261716766613144e-02
2.009209309833159818e-02
1.480069662145555576e-02
1.098459191105982669e-02
1.262238970649764980e-02
1.670853293479723778e-02
1.840254604614666167e-02
1.207756056838227288e-02
1.050635738393446150e-02
1.600597361776878724e-02
2.072392757467533819e-02
1.411306171264137266e-02
9.813750542045363012e-03
1.180143571644798328e-02
1.652282904893631610e-02
1.714527143749566829e-02
1.310755312351596924e-02
1.219516095550954304e-02
1.350978517362988462e-02
1.521656743491528463e-02
1.468866981210692479e-02
1.592871800599748866e-02
1.570426913829048310e-02
1.314632819752137305e-02
1.169585958126417857e-02
1.495247428094337305e-02
1.767125165378913287e-02
1.614423142539267442e-02
1.266633763651259237e-02
1.309376375800797021e-02
1.329118025804265635e-02
1.458160813021514013e-02
1.417642944990982201e-02
1.296026092138591324e-02
1.377604758429551435e-02
1.484174779746039174e-02
1.504407679093811012e-02
1.406298519305382300e-02
1.338939257724924836e-02
1.188230439584170295e-02
1.395671852264523949e-02
1.495031319551076709e-02
1.452108131539719960e-02
1.410074342336031794e-02
1.482839169932614887e-02
1.498746659552108174e-02
1.417931886671619512e-02
1.314348465512482633e-02
1.333973198974025554e-02
1.528923965761042059e-02
1.516609341763563990e-02
1.448416968209720324e-02
1.394980728840355955e-02
1.468809378982205427e-02
1.516670013877141621e-02
