2.595814423811068083e-01
9.144212719032654979e-01
5.630413340115179022e-01
2.389577214729635690e-01
1.664386397516230964e-01
3.081014685248512075e-01
4.448196230343559598e-02
6.430437855159898408e-02
1.880481583673827561e-01
3.958928985574972081e-02
6.688586159592113667e-03
1.171041975816154990e-01
8.262732953065665686e-02
-8.025720628367150056e-03
2.457223331949509593e-02
7.627451752878444680e-02
1.356411196425011401e-02
-1.422109266212934209e-02
3.641289271961301033e-02
3.682227429939477492e-02
-1.404758579500908766e-02
-1.154951823705085978e-02
2.019157830649020990e-02
1.145118556470958726e-02
-1.958344991823834924e-02
-8.421498773954372297e-03
1.728879551749085142e-02
-8.345632506642663984e-03
-2.111610062127433629e-02
-4.828453203920668457e-03
-1.905337734916301429e-03
-1.846067587977073821e-02
-1.721548257598914944e-02
-9.220605248041913171e-03
-3.709379972277604409e-03
-1.913399283728378641e-02
-1.620184092701260070e-02
-2.574858044595007556e-04
-1.998664662189808539e-02
-2.293027042714324004e-02
-1.732706423197494239e-02
-1.179434262944201173e-02
-3.780243174243547166e-02
-1.784845219258079929e-02
-1.450466167455144451e-02
-2.370504581236443364e-02
-2.463684967543033899e-02
-1.686005698367276651e-02
-1.566250372972977090e-02
-2.190902679420014820e-02
-1.879535900270501436e-02
-2.171525628746584502e-02
-1.373862878991105596e-02
-1.714006374810339572e-02
-1.594049258704322014e-02
-1.244255955879247644e-02
-1.688903632380167608e-02
-1.203385450444405258e-02
-2.081221954656009565e-02
-2.263239629805924302e-02
-1.695715196785751999e-02
-1.661670411814375470e-02
-1.973075872413820875e-02
-1.903853249759523969e-02
-1.683546094094068302e-02
-2.064857510446649336e-02
-2.702929892108651977e-02
-1.906602432118664758e-02
-1.685311955268398165e-02
-2.478643597303187285e-02
-1.610453644094755887e-02
-1.926415085456789633e-02
-1.779614830868236908e-02
-2.418557761751838342e-02
-1.660970251148374821e-02
-1.401606407725286552e-02
-1.777226907958162627e-02
-1.315938253408455161e-02
-2.194921531896620870e-02
-1.919347107531610419e-02
-1.813773240022120703e-02
-1.939822749003972113e-02
-1.897770554838862367e-02
-2.300025092067903287e-02
-2.272566706815704052e-02
-2.211204627722884730e-02
-2.025492317466581760e-02
-1.710098930823500396e-02
-9.201583131343449296e-03
-1.672322085807986802e-02
-1.668167208575965788e-02
-1.696445628920684179e-02
-2.043460644138916926e-02
-2.573744176568104614e-02
-1.832385646830148040e-02
-1.612301177198172120e-02
-2.168829005376782249e-02
-2.479090533075445357e-02
-2.507755525322163948e-02
-2.523076555048375802e-02
-2.524817970490400576e-02
-1.533662011137049141e-02
-1.344289111047780594e-02
-2.259821464489020215e-02
-2.169436719916029155e-02
-1.789523845267515512e-02
-1.226561930166081282e-02
-1.943225192888609065e-02
-2.250557654128559903e-02
-1.705700810326482575e-02
-1.755262443908867098e-02
-1.672562008895650543e-02
-2.354231511643667396e-02
-1.819833128745562689e-02
-1.583727062894912940e-02
-1.845822832873111885e-02
-1.880124507770797315e-02
-1.952672956487977451e-02
-2.322783002796380281e-02
-1.644266597270815922e-02
-1.994820622837023549e-02
-2.069134557206431246e-02
-1.388705702716030999e-02
-1.438680077653309297e-02
-1.845101609280752619e-02
-1.665029527431771683e-02
-1.444785321264641098e-02
-2.009027532300677876e-02
-1.826606480850245795e-02
-2.315559948421408443e-02
-1.937741445185325873e-02
-2.819814405372955690e-02
-2.488798245555701172e-02
-2.407597272379646824e-02
-2.226243339915678909e-02
-1.260603349152411568e-02
-2.282157559637432165e-02
-1.206683444090783652e-02
-2.050222011561553259e-02
-1.915431169438419623e-02
-1.471412315903553036e-02
-2.802724826469837893e-02
-1.646887100924776526e-02
-1.814356576703790580e-02
-1.646932921298449592e-02
-1.968868769127563034e-02
-1.648733703643112669e-02
-2.346209705615409646e-02
-9.490791469376258505e-03
-2.147591954866268082e-02
-1.407047634259317448e-02
-1.346705983225882086e-02
-2.134222654917672379e-02
-2.287408289696801766e-02
-1.445189824897674669e-02
-1.855608139951225866e-02
-1.436147283526878482e-02
-2.056904014207483478e-02
-2.186543159773912670e-02
-2.016157218541203555e-02
-1.559144416459523619e-02
-2.335809353225481999e-02
-2.725491673611224464e-02
-2.060655003460576395e-02
-2.386534879734303338e-02
-2.022896307771282487e-02
-1.208919933335361740e-02
-2.410345722412055025e-02
-1.291867719338912757e-02
-2.050463849779338155e-02
-2.311885174832895018e-02
-1.477464724879884450e-02
-2.161516433315946450e-02
-2.425586235970178528e-02
-2.868837470389307143e-02
-1.957445720234263220e-02
-1.696753316486221408e-02
-1.312771065673823401e-02
-1.850579620036718609e-02
-1.904033025260343237e-02
-2.434577542475535594e-02
-2.372696509290750377e-02
-2.458337680735023234e-02
-2.100590453883821596e-02
-2.147621519084563779e-02
-1.191353509602599559e-02
-2.822887875939916746e-02
-1.951246916206295090e-02
-1.849087622212675086e-02
-1.545070993672426063e-02
-2.264938776792524422e-02
-1.908535933424970743e-02
-1.460655566123625348e-02
-1.659526080013984384e-02
-2.381679782209977780e-02
-1.183048482206383589e-02
-2.013083480020072535e-02
-2.269529889690868885e-02
-1.122308746622313613e-02
-6.110354045831600800e-03
