9.908454631041220262e-01
7.700380630153587092e-01
8.522930259278785892e-01
4.398922205874089553e-01
6.343202100988571956e-01
1.458759642996186878e-01
4.404641950345253854e-01
7.973728401045753200e-01
5.923125650784262231e-01
5.573104097412351354e-02
8.481991084797324554e-02
6.696405710545805245e-02
3.608527577936582187e-02
3.749023452399917744e-01
5.011336598866105163e-01
2.997400489093621223e-01
3.306847047030148090e-02
1.087559961088568894e-02
3.964130746109906234e-03
6.233562359154654064e-02
2.669683733828354111e-01
3.464954050553725740e-01
2.155356615103121154e-01
4.585363674482823004e-02
2.630672749137086264e-03
5.560357366868551310e-03
7.012419313672479948e-02
2.089552262083336220e-01
2.575830062985976499e-01
1.613864215045223149e-01
4.364714225340549092e-02
9.339191713388594884e-03
2.184457328962485789e-02
9.555144370228296768e-02
1.905371770752901650e-01
2.010214964658264547e-01
1.168628988431376081e-01
3.854584504296632019e-02
2.248539792183190666e-02
5.091954600524017938e-02
1.180724405607214145e-01
1.638370671930403644e-01
1.374697876522446016e-01
7.482078578066653218e-02
3.886952840041457691e-02
4.313101424018606078e-02
8.228216966503532070e-02
1.293416369967175239e-01
1.378084149762108801e-01
1.018907516640246147e-01
6.190754761423078456e-02
4.936007469016345794e-02
6.898027665338013481e-02
1.092782173974850002e-01
1.282064133436203734e-01
1.054127223836874849e-01
7.300444958989404931e-02
5.651131307379353430e-02
6.865022810337362280e-02
9.328174858983484530e-02
1.166636081708000150e-01
1.113212179924992773e-01
8.349185120395863358e-02
6.518306354615877041e-02
6.681634012707271530e-02
8.675808290015207813e-02
1.022329256593788038e-01
9.914319906037116770e-02
8.700451421840316168e-02
7.490128970202758474e-02
7.925233017951560655e-02
8.830780265589721623e-02
9.234535363844831313e-02
8.561057984656550435e-02
7.123997824737149376e-02
7.347447219169767063e-02
8.627942383883846489e-02
1.003515826738916594e-01
9.771156365946265243e-02
8.261786247017921525e-02
7.196814290479147669e-02
7.155307341382788344e-02
8.399713538356767817e-02
9.794758026017225117e-02
9.806868829537784826e-02
9.011391477297514552e-02
7.613349917688672086e-02
7.672638428985956160e-02
8.523750331252988310e-02
1.016966243749352072e-01
9.679462152532247732e-02
7.768739404390223591e-02
7.219606806190048687e-02
8.296307853233975127e-02
9.756970126060660053e-02
9.241905247899162568e-02
8.214115923224851734e-02
8.313654056663055680e-02
8.946279336879203736e-02
9.191590761317425251e-02
8.656244319063799431e-02
8.351887304601390838e-02
7.870843069156518990e-02
7.933189876060009471e-02
8.424169061483377519e-02
9.048899084388517533e-02
9.647164649096162670e-02
9.614648324328434192e-02
8.269910001970282032e-02
7.429856025465775282e-02
8.233682577951506598e-02
9.643446077003692274e-02
9.357660330564854245e-02
8.718044469879726588e-02
7.977648945204784958e-02
7.982753548405008281e-02
8.800698764771763827e-02
9.189871357166712329e-02
8.686486819748462374e-02
7.792893508055076524e-02
8.280831061271298754e-02
8.896706136348875305e-02
9.136295471485178510e-02
8.331432532962645965e-02
8.550721087713319957e-02
9.087711592100733426e-02
8.814125885815382588e-02
7.710440890395631186e-02
7.552368034498457838e-02
9.275901390803820146e-02
1.039305666046461685e-01
8.412984771535592099e-02
7.313351197493589417e-02
8.571356680228015001e-02
9.716520258101990493e-02
9.852677909825879876e-02
7.930449704639630504e-02
7.423218420389288141e-02
8.271366782523703609e-02
1.023034620225641289e-01
9.217447223831998215e-02
7.918471319432107691e-02
7.522500814232013777e-02
8.379480993435173275e-02
9.104857699781132574e-02
8.570178208999590375e-02
8.180708753153165258e-02
8.326605365805250791e-02
8.638857250149301059e-02
8.639706069219088569e-02
8.428297990815258878e-02
9.064750722149861328e-02
8.538907002388063106e-02
8.426725862942019418e-02
9.121216994227521191e-02
8.993807146358434590e-02
7.187633470246856948e-02
7.971502045817835391e-02
1.129516221374846641e-01
9.831565895133498323e-02
6.255546465267725065e-02
7.128313976001532382e-02
1.054759556486419836e-01
1.025555672852075384e-01
7.836678748024961116e-02
6.774529024147724066e-02
9.084411545011339406e-02
1.070852564641953109e-01
8.622399693867732751e-02
7.054633305557833634e-02
8.755229613808379607e-02
1.081238898604464094e-01
8.751688233118026794e-02
7.144377239313381978e-02
8.014795511987604648e-02
9.211578036635448274e-02
9.913184812129038903e-02
8.761105589262330184e-02
7.495370718373517427e-02
8.788146953116193760e-02
9.830932408822923296e-02
8.156380506620508619e-02
7.585804002776530552e-02
8.798585348216969582e-02
9.062226644332849190e-02
8.530831167906127721e-02
8.013321810080231700e-02
8.940387105465708029e-02
9.966265986597966364e-02
9.219663723377313769e-02
7.317048115608404402e-02
8.030326090408934636e-02
9.806110247378130307e-02
9.136215321201890394e-02
8.373802361145354922e-02
8.023663426259841636e-02
8.673739335035868248e-02
9.728509961449771648e-02
8.596386453247251147e-02
7.350348648264892759e-02
