3.323258161173198166e-01
2.714467882765747575e-02
9.182407236566630937e-01
9.864729630796806870e-01
2.047373173680382408e-01
2.603633615127820544e-02
5.199029342422807343e-01
2.933377574471229821e-02
3.863156212372662601e-01
3.549828867275806044e-02
4.280833464979527658e-01
2.886242473231074301e-01
7.734935027813516495e-02
2.158996320792179180e-01
6.300827416892973432e-03
2.668696234550677060e-01
1.191835163749250803e-01
4.906809448249560557e-02
1.050525516387271763e-01
9.137456035411828381e-03
1.714289686292117532e-01
7.442950093870737138e-02
2.349044113493625741e-02
5.464999122103453288e-02
9.049788180191531417e-03
1.126878006635789742e-01
4.477130014286323512e-02
1.397773478005981396e-02
2.709189440066850363e-02
1.337291143401042604e-02
7.868697039045913222e-02
2.208107046663077000e-02
1.015633564027540459e-02
8.319627501949033999e-03
2.002865505162165771e-02
4.753733872446974651e-02
6.311238153608456081e-03
7.317024757585444128e-03
1.647364527936567846e-03
2.700916198884295572e-02
2.811743344757511309e-02
1.908805634318277988e-03
4.033431304192647282e-03
6.180817075856492870e-03
2.817884653501145920e-02
1.050091855424173382e-02
2.077156955682890604e-03
2.025432510543323517e-03
1.802982150385801230e-02
1.773910715187787535e-02
2.041160777053185882e-03
1.654061804459150409e-03
9.216313593009339833e-03
1.925316572858359887e-02
4.577157751956328902e-03
1.657834097151367203e-03
5.227651492160867441e-03
1.696448793527127741e-02
5.753287828077602306e-03
1.676233445333186189e-03
4.699391331883573386e-03
1.632325261250733295e-02
7.182132595218715387e-03
1.858688859811885585e-03
4.119051616216062861e-03
1.184530491363644522e-02
7.990076977274385150e-03
2.851693261685661618e-03
3.671533500787305115e-03
9.918918534942866572e-03
7.853183860964119134e-03
2.387699925218367270e-03
3.983555857964615754e-03
1.212726058920399197e-02
7.801362986979754055e-03
2.509976255606782836e-03
4.466970381996282491e-03
1.066059861679846676e-02
6.439895188064426179e-03
3.201454420525329247e-03
5.621511771506049193e-03
7.943212321735115822e-03
6.397640369881774092e-03
3.851427136233986914e-03
4.166043566636745688e-03
8.819792876758270062e-03
5.048145281694171871e-03
5.069001284941698771e-03
6.316997103734345309e-03
5.601608326882057121e-03
4.454173043184295189e-03
5.805926875821154631e-03
6.823743435418694325e-03
4.897736143441577816e-03
5.079246764301048600e-03
7.541703462122018031e-03
6.225925155042055792e-03
4.490041989254844879e-03
4.180048354158971691e-03
7.297521037928134113e-03
6.831789975712543317e-03
3.348776367810946120e-03
7.731206088905206997e-03
6.476984385956896517e-03
3.862477991579460479e-03
7.072630697571247183e-03
6.908935320601883312e-03
4.728640228366498555e-03
4.469098870881094143e-03
7.270203630590610366e-03
7.146705407450770764e-03
4.251649470778828821e-03
5.084603588901726035e-03
9.323344106420994315e-03
4.451159608218624442e-03
4.741849288080413061e-03
7.439651604388530792e-03
4.937486801226853572e-03
4.763797127154578703e-03
6.786377230956874840e-03
5.497992059693590505e-03
5.283476610380200000e-03
4.757116824651852482e-03
6.707350151809898797e-03
6.035831640508027007e-03
4.301818123919165515e-03
6.541071984116686444e-03
4.812758317032428401e-03
4.979958184688326739e-03
9.378736118294317414e-03
4.074622363875790576e-03
4.332025265657457602e-03
8.149988471126246026e-03
5.322909703941891557e-03
3.529573530525742520e-03
9.225997264268537279e-03
5.341107887452678504e-03
2.687517848599441095e-03
9.517041282023575022e-03
7.408759365013062315e-03
1.912877424278924821e-03
1.094390055201877043e-02
8.057870570503777863e-03
1.755316237701420867e-03
1.132763691165028508e-02
8.054707619533751917e-03
1.969801028922857355e-03
9.588907887273179220e-03
8.870038932440760249e-03
1.714358910090307830e-03
1.093531370289746452e-02
7.290722405775884596e-03
2.301656727018541737e-03
1.130196192122212562e-02
6.038822327509185683e-03
2.127432101205473103e-03
1.223688319706772720e-02
6.070052368871703408e-03
2.308205998367340861e-03
1.340261817450216775e-02
2.850982337789798038e-03
5.741973512154885384e-03
9.536300112302109611e-03
2.579868412025954072e-03
5.937162224647241082e-03
8.716795486147121963e-03
3.338106334587642721e-03
4.777696066338932290e-03
1.105060622962816819e-02
2.374126924499897484e-03
7.039855617979262625e-03
9.536712741034625296e-03
2.033323690329602584e-03
1.010022371532259822e-02
5.195775736780094967e-03
2.471636913119690249e-03
1.070661936665362468e-02
3.923097550335374883e-03
4.770422554555953099e-03
1.039857730841553529e-02
2.568696754387200798e-03
8.237543040294448282e-03
4.464522661940639736e-03
7.182515964126001684e-03
6.226264637764211685e-03
4.375577330614000005e-03
8.327746798906576764e-03
2.882035739872335078e-03
9.192616618354798597e-03
5.138453062380254899e-03
3.570598706794214650e-03
1.057717468765850821e-02
2.932184082555355786e-03
7.394806736454317964e-03
8.393495069932255248e-03
2.052720926516649058e-03
1.528100727442249784e-02
1.957562312769556279e-03
7.492619644532405587e-03
9.591930457638730978e-03
