9.905101031594076844e-01
5.407723224503240278e-01
2.120432664678412182e-01
2.412579044808871309e-01
4.049774154357440592e-01
1.000021021748146444e-01
6.275470410699190982e-02
1.743253486669854579e-01
3.509999327766533117e-02
5.124968173857080700e-02
1.911411387646789750e-01
1.472324311791638474e-01
1.797418764772384936e-02
2.642979462631100951e-02
6.464996847780335454e-02
1.674341072072293990e-02
1.551429462622500033e-02
8.497808608286305798e-02
9.307540856990914602e-02
3.064497148989187014e-02
2.153497392347603068e-03
2.114297902931572271e-02
1.363290773128367217e-02
2.598034039263619199e-03
3.407700890087816958e-02
5.862543877910286749e-02
3.553377703378357566e-02
5.220978559122624318e-03
4.405436602900603127e-03
7.085143434817475772e-03
1.646626369828596559e-03
1.324967743731286784e-02
3.180999084609725802e-02
2.750721229156283254e-02
8.283269861988684646e-03
1.654912818263243324e-03
2.642614002097531944e-03
1.764671477139989619e-03
9.165945489753801745e-03
2.010647428883483023e-02
1.769410017058459239e-02
6.620282508527974841e-03
1.913151640389965102e-03
1.646447037479181752e-03
2.764896543996253619e-03
9.191875722080578015e-03
1.685255154970843883e-02
1.411685868712242442e-02
5.585871843613254839e-03
2.059268940220237987e-03
1.935622075053822222e-03
4.160168454003132510e-03
1.044446343317717574e-02
1.384540500353681480e-02
9.411506271993497208e-03
3.927990341600628987e-03
2.123904503459339566e-03
2.602350138725118001e-03
6.074743593158071775e-03
1.117977943425685350e-02
1.134584550669814895e-02
6.544443950706857471e-03
3.092587149633785337e-03
2.782569886047636665e-03
4.531920898679375753e-03
8.700445633095910125e-03
1.015955974916671334e-02
6.839652061020107254e-03
3.819938553793589264e-03
3.318152500769167013e-03
4.851727717378850890e-03
7.826265833640322356e-03
9.210894591702434298e-03
6.889214083008021738e-03
4.129478900607996827e-03
3.712814704873723670e-03
5.124902677497766845e-03
7.836719211056331069e-03
7.328797580879564677e-03
5.206702852756817101e-03
4.076033803100620467e-03
4.675483853814332846e-03
6.467428545659958949e-03
7.976463758403218307e-03
6.304077238056038368e-03
4.677194387733285552e-03
4.293685833871685453e-03
5.378248333520851965e-03
6.772571431935103803e-03
7.184108766700614268e-03
6.166535970582809334e-03
5.428677301784978759e-03
4.935697022292906411e-03
4.887407639157514971e-03
6.403529377886463259e-03
7.329045994051264223e-03
5.684170269140698117e-03
4.683046990138994836e-03
5.096345686778747108e-03
6.711471180522288194e-03
7.137576546947022038e-03
5.713897147987423430e-03
4.762141960716337330e-03
4.986232178808003290e-03
6.217571395459753347e-03
7.162329293206592951e-03
6.468665017198227396e-03
5.178976259718415243e-03
5.610199660543879752e-03
6.387583826305220924e-03
5.680934450776331524e-03
5.288405947047936095e-03
5.968589513265731838e-03
6.441420650477147625e-03
5.809042581261691929e-03
5.057560191294330210e-03
5.090014531859643476e-03
6.110431703951868521e-03
7.112617439336332836e-03
6.408685853540707633e-03
4.872875070849436163e-03
5.006362642342998548e-03
5.954940469325098462e-03
6.538091244801091939e-03
5.827317406772558606e-03
4.745013599804615012e-03
5.027147575466850427e-03
6.046505006672475702e-03
7.048759265855131240e-03
6.148773678038899071e-03
4.657114234746462245e-03
5.545854080054035684e-03
6.073691008740556008e-03
6.207953669227883609e-03
5.358608914794338318e-03
4.684333161542042490e-03
5.560773997135726177e-03
7.511248162762385050e-03
7.135460407627247648e-03
5.036510878449806938e-03
4.507529588959169331e-03
6.071107873724890247e-03
7.775095991601310708e-03
7.004093405873823563e-03
4.672558376841329242e-03
3.806834816547421951e-03
5.739004363260025166e-03
8.072227295114142720e-03
6.636994647399530045e-03
5.046944495233129935e-03
4.345071581892900880e-03
5.619781727679518113e-03
7.654038035715848842e-03
6.676344351607355065e-03
5.035881645351070190e-03
5.430144356899702096e-03
6.427467101940087524e-03
5.974763702746521687e-03
5.014099398735871738e-03
5.122482604934530670e-03
5.436666061859773968e-03
6.628149987110698582e-03
6.768720163598085371e-03
5.918752516269276676e-03
4.531310661968324105e-03
5.573862137675411610e-03
7.365018802100609108e-03
6.029148144394147479e-03
4.807751324470532772e-03
5.045234145738763942e-03
6.246355149918780825e-03
6.940386218454608347e-03
5.521831680587951929e-03
4.862754417220616077e-03
5.470383159063674228e-03
8.118927898865369031e-03
7.441133254580512002e-03
4.757441795561923037e-03
3.727030280389453942e-03
6.371259352369706974e-03
8.604948720661198536e-03
6.644101089957277217e-03
4.116867608740637507e-03
5.047244957031904455e-03
6.615439686381341389e-03
7.042170450972995432e-03
6.128682516084227316e-03
5.448519489920200520e-03
5.616434871253295213e-03
7.225773024407744494e-03
7.054779563638757800e-03
4.752138300037289653e-03
4.720955177659136304e-03
7.159733887845298739e-03
5.925816150648688385e-03
5.540012332522215033e-03
5.196079489928173700e-03
6.239412740461913742e-03
6.711422603248418106e-03
5.592496575338001819e-03
