9.908831473696382286e-01
6.541587052747108721e-01
8.908472976054413461e-01
4.389870917690552599e-01
8.683862818721834742e-01
9.579525722379587105e-01
1.921532160176886439e-02
1.197069507649347608e-01
1.271010402459986643e-01
7.797262934683879543e-01
7.153509019556193449e-01
1.325940936150366012e-01
1.332053285075207594e-02
3.821003963173419393e-03
3.152520839145525056e-01
6.158677066111348797e-01
4.523719951827505081e-01
8.073940105757237973e-02
2.285146116043357267e-03
4.276958563853194839e-02
3.175766305074682050e-01
5.023095743973493565e-01
3.448947801852744188e-01
8.087114051629507028e-02
2.081379562205742939e-02
8.726327372439579566e-02
3.022200910308979749e-01
4.095168554538872741e-01
2.736135999493414239e-01
8.808080423193542785e-02
4.645055827945854254e-02
1.291311717441071538e-01
3.057253599260368881e-01
3.460135402513759839e-01
2.028786278291486722e-01
8.197500534764667890e-02
7.954935968280485437e-02
1.818056798716052302e-01
3.049155204672991948e-01
2.805470834251598822e-01
1.482376792245454489e-01
8.592846106340312762e-02
1.263999948796825645e-01
2.298428684416812251e-01
2.724694867947557997e-01
2.015439341518069361e-01
1.208278373490259128e-01
1.187027573441008510e-01
1.967651581573566233e-01
2.635226886745231090e-01
2.233380217823955904e-01
1.342824958848660710e-01
1.113284851746564330e-01
1.706191376641646995e-01
2.568954484871336374e-01
2.481291659715750830e-01
1.643067858538365122e-01
1.130855789094600272e-01
1.531488697755091222e-01
2.293540987152946631e-01
2.371900677293995452e-01
1.684228857503468069e-01
1.278625422246050247e-01
1.628800381632278249e-01
2.222653920724440013e-01
2.182117624842853099e-01
1.737532545780039461e-01
1.389997492835274295e-01
1.618786289233813402e-01
1.980435815186006865e-01
2.099506468615356392e-01
1.864625522545834135e-01
1.608699371969460890e-01
1.619156329643673953e-01
1.784696216151527848e-01
1.960838384600932516e-01
1.845668256990661282e-01
1.680025976050243397e-01
1.699139607358312043e-01
1.836568671376785922e-01
1.833177134659854657e-01
1.722433238646002840e-01
1.655135414564732343e-01
1.832258862000699651e-01
1.954195331160506477e-01
1.887606850884442355e-01
1.668759488909916655e-01
1.685525173480318939e-01
1.828609728213068664e-01
1.977034471476670774e-01
1.796615205771927570e-01
1.665799054825742864e-01
1.740388486130911572e-01
1.911293680067733813e-01
1.826364208211160856e-01
1.682201264964954257e-01
1.776412676802758828e-01
1.946756433393270758e-01
1.925692779760804774e-01
1.672638869916619475e-01
1.679415674505815304e-01
1.959744666029585858e-01
1.872389810613590555e-01
1.600457649565755203e-01
1.763089153313252000e-01
2.019696544304757646e-01
1.884576138859305194e-01
1.720226317192985466e-01
1.798623893485769010e-01
1.905022288149956777e-01
1.798864260873010990e-01
1.740683771878810404e-01
1.767522071130432915e-01
1.924381859320609678e-01
1.854401377924965733e-01
1.635049061957339900e-01
1.847705129378697242e-01
2.002744582120430383e-01
1.801223426007785289e-01
1.551727426003960408e-01
1.848412472466235412e-01
2.020447119565451644e-01
1.769915906398490391e-01
1.652188051330854002e-01
1.851593974584467839e-01
2.023075395642599528e-01
1.685237599496091088e-01
1.570698688543289423e-01
1.980802567235566691e-01
2.120299789886893604e-01
1.631878202040365489e-01
1.477073699433134601e-01
1.936892420161137052e-01
2.144095308638542807e-01
1.574715471220279328e-01
1.625557899286819152e-01
2.014509360667151583e-01
1.960521627260016775e-01
1.488700805876482791e-01
1.713973556827584899e-01
2.047614107767533609e-01
1.906286546769095924e-01
1.724132352214745589e-01
1.700757614558016106e-01
1.856578596219268240e-01
1.860995943342267367e-01
1.649943690086054238e-01
1.818207051542977126e-01
1.851266048647932649e-01
1.837649972838877321e-01
1.724235966333832470e-01
1.973748989455644809e-01
1.753589655050886709e-01
1.686829018472107977e-01
1.875072198114209332e-01
1.921788320635982039e-01
1.623496556886783182e-01
1.758038918570246079e-01
2.166567939880879035e-01
1.688144434924652160e-01
1.510527129611641817e-01
1.991066306464537305e-01
1.893722346661428357e-01
1.588513027524138810e-01
1.863379979430663802e-01
1.990368272674846173e-01
1.582940888750694608e-01
1.735540909985842095e-01
2.112062314610773095e-01
1.813255658344894439e-01
1.646613373190178864e-01
1.897332407436195245e-01
1.799834093517818090e-01
1.636354642706172591e-01
1.870590003924430533e-01
1.809764377258327173e-01
1.892483621342956335e-01
1.790937332370001744e-01
1.791391944048655871e-01
1.897953907758748171e-01
1.807597437010690644e-01
1.667485362767743284e-01
1.977110118293816665e-01
1.946399319597926780e-01
1.386103912038534336e-01
2.060752957600571200e-01
2.037356064982601689e-01
1.438443171720635849e-01
1.983066679349368977e-01
2.138367125656202017e-01
1.449174113986193557e-01
1.773326242179187329e-01
2.259778117602601055e-01
1.570771668903597762e-01
1.653576693071543424e-01
2.219162984210902856e-01
1.507614447928016244e-01
1.709387707392979738e-01
2.329304207218454437e-01
1.412928756175005907e-01
