6.462752842172831969e-01
8.010272133956701790e-01
7.606235035825226198e-01
1.307489986591785502e-01
1.749376803931383950e-01
3.437554814507720602e-01
1.668773484800573081e-01
-2.208506898367290638e-02
9.353494998532696503e-02
1.659635014459343028e-01
7.809966686125224822e-02
-1.182777369231602371e-02
7.564532009524116418e-03
7.157298169417425360e-02
6.884025778674729423e-02
2.015872887652336853e-02
-2.354961847994418989e-02
-1.234753924343068299e-02
1.571621681641177659e-02
2.546117778910217400e-02
1.066986169426131781e-02
-1.793179741378647662e-02
-1.830775631715031437e-02
-1.473210706267469305e-02
6.883218767452237152e-03
7.744212414700135660e-03
-1.509625715098428245e-02
-2.609110336047137935e-02
-1.926038178614186691e-02
-1.060763191049463039e-02
-1.084113818183829459e-02
-9.550822960434857123e-03
-9.506762225870213356e-03
-1.881300525174389726e-02
-1.419558102772588981e-02
-9.098334465918789249e-03
-1.333086242967285173e-02
-9.180978876526912913e-03
-2.245790629136212857e-02
-2.009266605111825754e-02
-1.508994861637669160e-02
-1.909335277743573478e-02
-1.231977196600531066e-02
-2.039590054411521969e-02
-2.021677905892982352e-02
-1.910481752720438742e-02
-1.464686342899490512e-02
-2.103333308307564486e-02
-1.621533437467559402e-02
-2.297215757172565986e-02
-2.237293716098820440e-02
-1.606315064947150262e-02
-2.007796832323571756e-02
-1.705309890199058209e-02
-2.037821021865204862e-02
-1.548185883050212652e-02
-1.980495025249573438e-02
-2.020764827792653762e-02
-1.949345982538575051e-02
-1.221928690751195035e-02
-1.636099801036938750e-02
-2.951874512389740524e-02
-1.886388161587948531e-02
-1.536477529769508799e-02
-1.043622597274129760e-02
-1.041543582855442018e-02
-2.223290013731049619e-02
-2.170292224062309039e-02
-1.902872307451097811e-02
-1.665985524242752369e-02
-3.031986187118795861e-02
-1.435918286671089561e-02
-2.025577450234816723e-02
-2.224817490775343742e-02
-1.670177158346231039e-02
-1.716864283564656368e-02
-7.766483283356162559e-03
-2.117916388554874629e-02
-1.472043353119945053e-02
-2.420274904322594622e-02
-1.914660136951584768e-02
-1.536672838265329410e-02
-1.320321834216264811e-02
-1.773042861637841305e-02
-2.171791213053841929e-02
-1.075928595372666052e-02
-2.589856265456180751e-02
-1.946485217111293409e-02
-1.101188112094186877e-02
-3.078952905459431122e-02
-2.103429431708803143e-02
-2.475599503009284774e-02
-1.169897892847759913e-02
-1.931188844655262749e-02
-1.261493170829441901e-02
-2.177853940242413522e-02
-2.081588076915741325e-02
-1.650340918170134508e-02
-1.458813673769920882e-02
-1.996441244799673775e-02
-3.034249468370697755e-02
-1.669999011732214989e-02
-2.497840456606104098e-02
-1.518168436532651988e-02
-2.157512845710418681e-02
-2.605976613971261457e-02
-2.166346272229824343e-02
-2.164854157088025310e-02
-2.139166629266253672e-02
-1.748784838464989555e-02
-2.398651315763467018e-02
-2.576026297038214175e-02
-1.782640099161691971e-02
-2.088968262333490422e-02
-2.064832136030769760e-02
-2.160471362160554243e-02
-2.793583553708933742e-02
-1.660919759051249223e-02
-2.357670851551629809e-02
-1.187121535382140713e-02
-2.141168532676429592e-02
-1.027649216507153795e-02
-2.157531116809763283e-02
-1.820294757727736190e-02
-1.474723542054867664e-02
-2.026118251552522231e-02
-1.727992480936157982e-02
-2.266084075534924303e-02
-1.800378897657450850e-02
-1.457293528224035128e-02
-1.844175272533288279e-02
-2.262482427311529598e-02
-1.719564856176836187e-02
-1.898520816655868693e-02
-2.487770014003931607e-02
-2.590042004988557522e-02
-2.689673758527155734e-02
-1.732573818102878249e-02
-1.559864147595257933e-02
-2.017410186170676134e-02
-1.624795917702503978e-02
-1.184500943240496262e-02
-2.186432048169817399e-02
-1.351385164145058049e-02
-1.733462758371340229e-02
-2.526975847080370485e-02
-1.907323423641260618e-02
-2.155023748933149186e-02
-2.089375268549931164e-02
-2.583210166395044638e-02
-2.464610221890151109e-02
-1.640868815723317553e-02
-1.649042325460037262e-02
-1.571208413755420530e-02
-1.847995817980585542e-02
-1.950864136162189233e-02
-1.690063965556287684e-02
-2.270855016886130784e-02
-1.872780387331496321e-02
-1.892942470231639973e-02
-1.945796425896895165e-02
-2.960623119387428837e-02
-1.790505634705930049e-02
-2.560433348546298227e-02
-2.162173771622044605e-02
-2.511706312735051405e-02
-2.344057010264744001e-02
-1.601629182460206913e-02
-2.368465601734603965e-02
-1.858283145862937857e-02
-1.623806335310407079e-02
-2.265492569495242137e-02
-3.078124397074044616e-02
-1.815269961931997855e-02
-1.672647367493507176e-02
-1.519879072767538197e-02
-2.559219393630418615e-02
-1.653846683928827943e-02
-2.712081011005018638e-02
-2.152801676842375223e-02
-1.339921645123776095e-02
-1.881559133605792411e-02
-1.787486713999619781e-02
-2.136212937945480839e-02
-1.783148198863671041e-02
-2.351985882117313409e-02
-5.358522284738098662e-03
-7.989159606985873907e-03
-1.700663372794242179e-02
-1.507790032084410647e-02
-1.545086106346693633e-02
-2.109558839169811684e-02
-1.442805431722171683e-02
-2.862960385681190267e-02
-1.189271254877266593e-02
-1.926577587396249847e-02
-2.640448176814569337e-02
-1.257947840580153631e-02
-2.240684330065256802e-02
-3.293551871542899079e-02
