7.892827961667726600e-01
1.016829968225831271e+00
9.858732552446869413e-01
9.024455176728563011e-01
7.103232547275937225e-01
6.979603941656910004e-01
7.854446080481549686e-01
6.495626997016623605e-01
6.507244601253767691e-01
3.205724045905690156e-01
5.069310049048838529e-01
6.007661613524375444e-01
6.001129450961035783e-01
4.948277566636626323e-01
7.136988137086556216e-01
5.860791588352813886e-01
5.207035713733473292e-01
5.854833520711471007e-01
6.082818487796328721e-01
4.260476277267338796e-01
1.705167385308304917e-01
6.009910047722746285e-01
5.583160823022343955e-01
6.469274664967812338e-01
7.256498863462359505e-01
6.235525560547144908e-01
3.854843519263302376e-01
7.313513055814908626e-01
7.166784859588555268e-01
4.872845996823487180e-01
3.822749417447892650e-01
6.007231121230945936e-01
3.139646064404537640e-01
4.646333219309710660e-01
4.660869946387041773e-01
4.753346774378308659e-01
3.478511844576479550e-01
5.988779533218282491e-01
3.155515354700045849e-01
5.003124181331293219e-01
1.779541032098993503e-01
4.100031261727281606e-01
3.780244354972318588e-01
4.886335801581056515e-01
3.215822767546582250e-01
4.937665213644528706e-01
5.842012251579846716e-01
6.773792353290624124e-01
2.126610824379904230e-01
5.167969464363086907e-01
3.214922766349804784e-01
6.350973002631135067e-01
4.177853368635828790e-01
4.515770262028431237e-01
2.703528583670405938e-01
5.070923795972333004e-01
5.544661105073644958e-01
5.475469048406118588e-01
5.018167041033725351e-01
5.255685787343409299e-01
5.610390704704260045e-01
3.799751156820527775e-01
5.198241578425457643e-01
7.315503768298996512e-01
4.235169209958851155e-01
5.300572689878439991e-01
5.026338696998438049e-01
3.834888821605548781e-01
4.611576496537980185e-01
1.648531761605158685e-01
7.175212941260173949e-01
4.607845092953712918e-01
2.821555859012803147e-01
5.748822416575506411e-01
5.835091360148874085e-01
7.313389313258074065e-01
5.122191606136428099e-01
3.343063407206920967e-01
1.776073013513314036e-01
4.427107096821824017e-01
6.083869129496053407e-01
4.479926015879606149e-01
1.867101782752772499e-01
5.097256001591473629e-01
5.247170278763275686e-01
4.497557795974929107e-01
5.962567893571728561e-01
3.707412876095586007e-01
5.587155797395582102e-01
6.770598160735904480e-01
4.896385448642791571e-01
1.917563981294206910e-01
5.994567719146253193e-01
5.725568165253513975e-01
5.246954177927725116e-01
5.736085322390408470e-01
3.678240090967553888e-01
5.913777334849719125e-01
4.799994427707268141e-01
6.706067336283828562e-01
6.232527555603972758e-01
5.255348645705086863e-01
5.274891420338470027e-01
4.180266580817731947e-01
5.492657974837393819e-01
6.092208325995922547e-01
5.077822676726944096e-01
7.439132118299252028e-01
3.329754465251880680e-01
6.189916234578465293e-01
5.495345454583320244e-01
6.279265428576742414e-01
5.879042555549194304e-01
3.253763975108578954e-01
3.495167755459549497e-01
4.187461185037066880e-01
4.589490570853608231e-01
4.327284159044550993e-01
4.114497831517054394e-01
3.234044946858211089e-01
4.982760202282325857e-01
4.738817204183023435e-01
5.993778465123013044e-01
5.110216279450239263e-01
5.690949208487621203e-01
6.949560955090730019e-01
4.120052086935260816e-01
4.507586172474096209e-01
4.613233039285673520e-01
3.888295833863761874e-01
6.786297639067420118e-01
6.494524329069530921e-01
2.926727989104465077e-01
6.314300191618518188e-01
4.512042972672994923e-01
3.884987965337969307e-01
6.456999303930142098e-01
5.549425286620361941e-01
6.597364288122167242e-01
4.991800892217899133e-01
5.827862305659567976e-01
7.939071864111191257e-01
5.412305108084958238e-01
5.554870133509930419e-01
5.285724331853356439e-01
5.802755522810512101e-01
5.547561193984742456e-01
6.717035427095283673e-01
5.694460691045057921e-01
7.724682766815171853e-01
7.180386463893606575e-01
5.010957368652121380e-01
5.601696897197712133e-01
5.830761759527451904e-01
5.291952516813603902e-01
5.990985960894674722e-01
3.088829754436690500e-01
5.201730457204676306e-01
7.791581893353967114e-01
5.320199857233511853e-01
5.684049012112334376e-01
6.209880728090381163e-01
5.733462222657692564e-01
5.623436765229896661e-01
5.022724665378597297e-01
4.343969628253643300e-01
5.274114243914147515e-01
4.090042218395730789e-01
4.554940423454973963e-01
5.177366924068395049e-01
5.876664651757848024e-01
6.388723449359743345e-01
5.978672474588568875e-01
6.381641341717227967e-01
7.286982459587003635e-01
4.762689023562828305e-01
4.990573928455914743e-01
2.315934115164958174e-01
5.204412647415939119e-01
6.280862278168768409e-01
5.905519065534546863e-01
5.777188989101978978e-01
1.931583345126435258e-01
6.946818473836458008e-01
3.087329676679331225e-01
5.318344245197568210e-01
5.967000116604954663e-01
6.009495072379897884e-01
2.174413151967903302e-01
7.481173404916161562e-01
5.127451018127995308e-01
5.433377057144702649e-01
5.241749938393864827e-01
6.236676027154939295e-01
6.295804727403526702e-01
6.255080921162754493e-01
5.162241180396477391e-01
3.249590647981591696e-01
3.970728980291012844e-01
4.404530702567255318e-01
