9.973369066364572433e-01
9.974756047271902126e-01
9.965570008615118880e-01
9.934653224221361434e-01
9.880054834737690417e-01
9.793249039129915401e-01
9.678009075096636327e-01
9.535333562295608134e-01
9.354391116202512846e-01
9.141534095461769649e-01
8.816428994686281717e-01
8.369240334790637448e-01
7.883667427167719843e-01
7.425226689978609018e-01
6.990568765132352258e-01
6.527687640696787641e-01
6.104153803515061094e-01
5.743583385939795560e-01
5.477120138184115028e-01
5.290531682582229056e-01
5.169636061262029569e-01
5.096850214892429953e-01
5.057557252212951937e-01
5.034498841226129340e-01
5.021049715301086902e-01
5.013130626842328130e-01
5.008325537187339194e-01
5.005383680170952809e-01
5.003611274850124913e-01
5.002454093933956791e-01
5.001696477661302653e-01
5.001198292146018520e-01
5.000846619224886824e-01
5.000638015001339642e-01
5.000489745221270432e-01
5.000382973312432755e-01
5.000305053482374529e-01
5.000270062036040741e-01
5.000240331936507410e-01
5.000217495925377564e-01
5.000219692493836909e-01
5.000222767890092346e-01
5.000236498587851131e-01
5.000249791693610613e-01
5.000262096390584166e-01
5.000274017334163101e-01
5.000284937829642118e-01
5.000296085084620090e-01
5.000304827478310177e-01
5.000312986716521912e-01
5.000320516240887025e-01
5.000327915169154869e-01
5.000351350171101661e-01
5.000374091006347665e-01
5.000394827163077149e-01
5.000424781062409174e-01
5.000453377324258764e-01
5.000486515733123527e-01
5.000490886106864208e-01
5.000495296408742352e-01
5.000516074687182400e-01
5.000533973686613898e-01
5.000550921245026093e-01
5.000564768232151902e-01
5.000564754715191018e-01
5.000574644230548760e-01
5.000582291877256891e-01
5.000597104694480821e-01
5.000609570558218753e-01
5.000636343694837560e-01
5.000661090417392041e-01
5.000681913189829464e-01
5.000703509448106709e-01
5.000721877488828460e-01
5.000737188162388547e-01
5.000750293500841881e-01
5.000721996067520880e-01
5.000696264616709685e-01
5.000684277297680058e-01
5.000698953077648001e-01
5.000711138376711107e-01
5.000720770318779484e-01
5.000702914084347306e-01
5.000686055005884034e-01
5.000669283826099099e-01
5.000671678161974221e-01
5.000673289925884335e-01
5.000689664128823431e-01
5.000712944287912798e-01
5.000734219416049786e-01
5.000751858327456834e-01
5.000826521864584207e-01
5.000898146291505864e-01
5.001082886342700373e-01
5.001299579180196186e-01
5.001471761737427135e-01
5.001631658324775520e-01
5.001939691690204803e-01
5.002253089789419072e-01
5.002614835542522620e-01
5.002964793430066948e-01
5.003279829587727878e-01
5.003667504333788596e-01
5.003983901295701031e-01
5.004324577347452063e-01
5.004832837679986657e-01
5.005314671860987552e-01
5.005922040845294241e-01
5.006455296225620355e-01
5.006740379544787345e-01
5.007492637182506812e-01
5.008113775344535945e-01
5.008730150309744777e-01
5.008990153071102291e-01
5.008885999752027418e-01
5.008780864086737061e-01
5.009243525598634506e-01
5.009667986322348110e-01
5.010053058419193794e-01
5.010912022808554633e-01
5.011721747081294698e-01
5.012852431856492652e-01
5.013803041169799801e-01
5.014139561055628302e-01
5.015085385631941062e-01
5.015968699769042249e-01
5.015670231072892893e-01
5.014301375480609835e-01
5.012782517978676688e-01
5.011841942478378886e-01
5.010196239741847579e-01
5.009380595132979508e-01
5.008423767119072334e-01
5.007567865504147786e-01
5.007232875308808007e-01
5.007093681295646803e-01
5.007041079250051929e-01
5.007021503525186379e-01
5.006955113838098548e-01
5.006949321837996791e-01
5.006591100015340690e-01
5.006293678558817462e-01
5.006746351107993487e-01
5.007186034745303438e-01
5.008093551864952753e-01
5.009635026287786452e-01
5.021448641207235664e-01
5.041984555971052995e-01
5.072568166457693817e-01
5.125934522590255282e-01
5.190582237863162751e-01
5.260264465170062520e-01
5.393627978259052380e-01
5.510662860328512380e-01
5.624868639480591348e-01
5.766414164072906079e-01
5.764385717806431719e-01
5.732397680840983778e-01
5.687383263407745915e-01
5.622652042504328040e-01
5.650679200171305760e-01
5.608594513824477490e-01
5.462151033454705207e-01
5.343003306458647961e-01
5.364279470227226732e-01
5.378385248914997474e-01
5.369519612905883088e-01
5.268171914294783598e-01
5.301102362857770256e-01
5.438931365689197994e-01
5.100523972110915238e-01
4.936569506928742967e-01
4.949411781013837164e-01
5.042459698913011046e-01
4.228102330420759891e-01
3.931631919771642059e-01
3.517710486122067604e-01
2.748982427820771957e-01
1.926639005791470627e-01
3.961911392307171376e-01
2.477578145952121780e-01
5.176386134054935528e-01
2.702396130041559985e-01
4.452303066646919882e-01
3.882385324904013002e-01
2.286994242513590292e-01
4.223469653527157641e-01
6.712421305455351650e-02
2.428742946008739523e-01
1.043752592926453504e-01
4.096919045493202516e-01
2.203728833758644701e-01
2.660483998889637824e-01
3.811012938096746128e-01
1.987549332185478690e-01
2.868274982546817897e-01
2.845112074528521884e-01
9.510926136922903673e-02
2.362522498213692757e-01
1.676258768704137481e-01
