9.697472184682472962e-01
9.632190915998248837e-01
9.489176337004989747e-01
9.297463783324751985e-01
9.044683355742650921e-01
8.716338580904200439e-01
8.316707561838655449e-01
7.867465629600796095e-01
7.376371240219937730e-01
6.938828940410177726e-01
6.501906267842253451e-01
6.309972678285442615e-01
6.115829801799426146e-01
5.952842438273174830e-01
5.823842102070970750e-01
5.720985929258295410e-01
5.603450491039692061e-01
5.538448561411708493e-01
5.460595392413578608e-01
5.387226953016431841e-01
5.327268670904903303e-01
5.275030700214855539e-01
5.221992579727618988e-01
5.189661867261248229e-01
5.216385849058209345e-01
5.240019591012303746e-01
5.265306379501069056e-01
5.290698080339819587e-01
5.313366455795870413e-01
5.321843175737730469e-01
5.324653630067655019e-01
5.323370009884902387e-01
5.310260734836902419e-01
5.326270484093926783e-01
5.329232236064120887e-01
5.324875898995953261e-01
5.318339157527168792e-01
5.314889454296715110e-01
5.293219047076194173e-01
5.258177670216825916e-01
5.243359391204531761e-01
5.223801569746047146e-01
5.200624283241108703e-01
5.187516016532131014e-01
5.171859548107657911e-01
5.190324506084804668e-01
5.202265847123079823e-01
5.209783237342402451e-01
5.218780619792097175e-01
5.226195646076106094e-01
5.234454012301903436e-01
5.239721880112554464e-01
5.264299507550825874e-01
5.325532770037206820e-01
5.414018441098343848e-01
5.495039563597081678e-01
5.536935812913164057e-01
5.535503513350019666e-01
5.528108290452703466e-01
5.456813239954192429e-01
5.360406724439200632e-01
5.274358677225416958e-01
5.223463087454383036e-01
5.216405730397308815e-01
5.214188274155162617e-01
5.199784750623027696e-01
5.280006287224108252e-01
5.282629165163040819e-01
5.218630261582224428e-01
5.093514353158669072e-01
4.978165405107144448e-01
5.003282184141719657e-01
4.944677507925564486e-01
4.820513466597429186e-01
4.911056892124701090e-01
5.207867718623098163e-01
5.180536624292592096e-01
5.058727148057318157e-01
4.505697002765214343e-01
4.632183234183425702e-01
5.039845664715062457e-01
4.410654463275804904e-01
3.897797395457076597e-01
5.056715338520341163e-01
4.597735173303438838e-01
3.047143612476519436e-01
3.167214321673514910e-01
2.364362139273750163e-01
4.276441490611934126e-01
2.514827296149804159e-01
2.782869813023092220e-01
3.202725564162874905e-01
1.442420219473878884e-01
2.583816831200098640e-01
3.154661452407210298e-01
2.016333809769800256e-01
8.538609763006932418e-02
2.239612604668078655e-01
9.693990319799850042e-02
7.907604306870030797e-02
1.323922087619258114e-01
8.917468140230577767e-02
4.299410163144101737e-02
1.149386568362064098e-01
8.255391630434139039e-02
1.151797787926989169e-01
2.783499775657183317e-01
2.460853526529924729e-01
5.712402684368789174e-02
1.444353942288494341e-01
1.626901726631351242e-01
7.446228049052350251e-02
6.501061358806925483e-02
1.031255001359525636e-01
9.583351724087463275e-02
4.710175753218792671e-02
1.107387891450405393e-01
1.624508531395727484e-01
1.054673232145935113e-01
3.781895365911736029e-02
1.022613330441843882e-01
1.378980183427329642e-01
6.830609170645196571e-02
6.011198854538535308e-02
8.225861830389935569e-02
6.425677782157235285e-02
2.705391478639840308e-02
2.409084648914139315e-02
2.897832543565059815e-02
2.553392058825765254e-02
2.898410860033151515e-02
3.688186640291868379e-02
3.742110734512515968e-02
3.724798371952098286e-02
3.552969004596051583e-02
3.074819933215677814e-02
4.604816649633680647e-02
9.666315401342373548e-02
5.837785673643969275e-02
1.994430588936579873e-02
7.650568899607890216e-02
6.726214528361929013e-02
3.356076062811141902e-02
6.912546868946467526e-02
6.509570535992281748e-02
2.136644209661242577e-02
2.980153839782828662e-02
4.192263985203159571e-02
1.968356111951385934e-02
2.167031224347248930e-02
6.425842209970356045e-02
5.593900352251579555e-02
2.759808007406205910e-02
1.570719560475475340e-02
6.854190771685764183e-02
1.385056204841810246e-01
6.238380982958369181e-02
2.585395545288249330e-02
4.246844969818552862e-02
3.767437301575582431e-02
2.453613622330386157e-02
3.292241426860242903e-02
1.936208394031679880e-02
8.146334216933159844e-02
1.011476660654451187e-01
4.635863226524583602e-02
3.539981522405155623e-02
6.357377942498676493e-02
7.000484371874526879e-02
2.281547485672441589e-02
5.636390761470821964e-02
7.403517691596839256e-02
3.249157705243299610e-02
3.723423350018451039e-02
1.272481471533964958e-01
1.712265596150817082e-01
3.408140361205957980e-02
9.458308610825749696e-02
1.907647412453683522e-01
1.925619612973874517e-01
1.320813774744458158e-01
4.319605144824456566e-02
1.066624795379614854e-01
2.439847139564946810e-01
1.786884291521794177e-01
6.843828276499253072e-02
4.638197234766328059e-02
1.046803043382134035e-01
1.127172779361023114e-01
3.956161449057149504e-02
3.233747192810754179e-02
6.646647793269555571e-02
1.124786613683672609e-01
8.423485684004439200e-02
4.150998635595448683e-02
3.141934561678261240e-02
3.888524181476715746e-02
4.951443833591739896e-02
2.708308212188526021e-02
2.824813473638543293e-02
