9.212303607468199651e-01
1.126707838462260192e+00
9.913375061445842684e-01
8.262215638113434846e-01
1.109980671804912111e+00
8.745565294594621619e-01
1.065039976098733687e+00
1.090581838904671974e+00
9.075526344052657901e-01
8.441851642893483110e-01
9.453837956467011638e-01
9.707462242407356445e-01
8.941628147980813512e-01
1.040654796020076711e+00
8.837722085431546359e-01
7.975940489514209419e-01
7.697357028444473670e-01
5.683851884109107910e-01
5.153245264791215252e-01
5.715622313037413971e-01
3.819643358492881280e-01
7.756696612302381721e-01
2.951270474715134151e-01
2.901784492076825428e-01
4.738463961857475315e-01
2.813538397611692332e-01
3.758736094553709606e-01
1.831687683765211849e-01
3.473993385850910887e-01
4.234905587186813536e-01
6.994128342115450980e-01
3.947679800028283115e-01
7.183518506047836816e-01
5.475021614931299130e-01
4.560531161282748158e-01
4.357843451728959927e-01
6.084871310697541613e-01
5.899473110846842339e-01
7.100866458955710225e-01
7.202508318555354005e-01
5.478312464688079864e-01
2.936749694327752680e-01
6.300731371690443394e-01
6.491549580268713981e-01
2.936648373254311384e-01
6.491479047676010916e-01
4.053813218368663707e-01
4.764755979020535159e-01
4.967861959658247395e-01
5.577246077642252775e-01
4.155257579943421042e-01
5.272492659650236391e-01
3.263572355141305392e-01
4.967694484240506858e-01
3.748786188187109847e-01
5.961766286402816473e-01
4.358047082467586542e-01
2.933634626388160749e-01
5.574713822663625029e-01
4.967273053232793556e-01
4.101733340302513575e-01
5.982929597806641020e-01
4.459277186187353692e-01
3.748209816783395487e-01
7.797000428975453534e-01
5.250295370480374535e-01
4.967023387208161500e-01
5.365877237948795120e-01
4.459081950204162315e-01
4.141788188944200977e-01
6.084165373059359228e-01
3.747851276143598920e-01
6.902975159930964111e-01
6.083980239800040879e-01
4.763426300789402879e-01
5.880730359561849863e-01
7.147217125421578832e-01
3.036611509015074706e-01
5.769836656599200975e-01
4.914374201859148528e-01
6.490299053628263426e-01
5.982381944034329546e-01
6.061817653667189720e-01
6.185557976422539905e-01
5.677722583366635600e-01
5.038500792065228051e-01
5.271458003110025547e-01
3.222466021973261485e-01
5.975288314585380789e-01
6.185528956595687244e-01
5.576007625437064963e-01
7.002503472516830030e-01
4.255210035683003600e-01
5.207523691218073347e-01
3.827430639689806124e-01
4.534685827014882653e-01
4.937379821868793650e-01
4.646970521736047965e-01
4.962915481052474487e-01
6.680380176188638330e-01
4.656038659782305578e-01
5.176967580145529491e-01
4.207948852312309862e-01
7.324356016596451635e-01
5.657984234951012326e-01
2.093398281937172145e-01
7.057415130305541018e-01
3.617275563598387755e-01
3.126573241461332309e-01
4.919709159738299142e-01
4.615637204550325778e-01
2.220882062237556909e-01
4.960975690049327369e-01
5.744828011824485436e-01
4.935968920359855572e-01
6.335437488323041322e-01
4.958492517104867714e-01
5.943804023326385577e-01
5.230159338184361406e-01
6.247183510365934556e-01
3.892045644719017705e-01
4.256694738380637499e-01
3.082316899446034819e-01
4.515571313850623714e-01
2.724479031096378456e-01
5.568873468558340756e-01
3.815560025233886154e-01
3.967415512101954977e-01
4.478142406941895137e-01
2.525048798925405569e-01
4.746241344443387078e-01
5.670622965617861944e-01
6.075846782392024803e-01
6.244992401003823801e-01
1.998784350540564470e-01
6.019295046703030394e-01
8.118706268184209263e-01
3.929708248512540081e-01
5.381008106530210666e-01
6.155193720257458034e-01
6.988789149621265073e-01
6.059056169797147895e-01
3.220544664765013776e-01
4.056865749795143250e-01
5.741393758657866719e-01
4.603186443357820679e-01
5.279263956249089507e-01
4.984735094444628922e-01
4.123145828342115182e-01
3.824289401469690430e-01
6.566202159729223053e-01
6.331157255722723587e-01
5.630589069135656377e-01
6.535978587686537278e-01
6.737116832570666514e-01
5.231740597026618422e-01
2.993632853042751396e-01
2.401049085585165166e-01
3.016039461804443933e-01
4.195842913806093755e-01
3.151471274376591580e-01
5.945320139598944120e-01
5.553090697215832261e-01
4.831129229381768697e-01
4.351627929091644864e-01
3.780351165175246386e-01
5.274746426197047811e-01
6.316661287970912753e-01
5.235174797148669512e-01
5.826521890775079315e-01
5.210382646182900590e-01
5.356127596970492455e-01
4.136148616173823678e-01
4.233488634675048878e-01
5.480115852886436878e-01
4.301406210845589717e-01
6.385219189540862761e-01
4.954742220360774940e-01
1.976675777657530553e-01
1.878701040594508154e-01
1.899529754412444538e-01
4.696109328442353847e-01
6.964978512726101023e-01
2.311683545620678570e-01
4.399918051716831258e-01
2.900647874815878158e-01
2.714931592197593613e-01
3.371025229719399885e-01
5.821884720748260467e-02
1.405812491006652731e-01
-1.574052104516250328e-01
4.207431539381522034e-01
1.699390121010424526e-01
3.605858541619636481e-01
2.804832257149066921e-01
3.376432003341963695e-01
3.309745143008904211e-01
3.145449157837174603e-01
8.115780948006057205e-02
3.415995744618963714e-01
