9.888515657868659492e-01
9.853651816762645232e-01
9.829180109752092553e-01
9.770888786176854524e-01
9.703706005371541821e-01
9.591605442188229080e-01
9.446279530534232860e-01
9.254591235418383466e-01
9.020135829879945000e-01
8.771746705666773058e-01
8.529725168819263237e-01
8.259641189259527838e-01
7.969102294419364574e-01
7.672266979979815993e-01
7.336288554677354856e-01
6.982285699502517318e-01
6.672157834105552077e-01
6.409021305495496978e-01
6.131874008330728820e-01
5.867951792782889475e-01
5.648306908458663456e-01
5.473164940764315700e-01
5.328619515499354309e-01
5.216059176778236051e-01
5.145838096074873969e-01
5.095094230151282488e-01
5.063546955073694456e-01
5.043273374550180099e-01
5.030594873230975761e-01
5.022671370813609482e-01
5.017849336942912242e-01
5.014159527642519931e-01
5.011395078987928020e-01
5.009200815100276483e-01
5.007499957202364849e-01
5.006382771067056092e-01
5.005395809858026457e-01
5.004609553077020712e-01
5.003980765133826392e-01
5.003417504688856265e-01
5.003031234131384286e-01
5.002720770342155010e-01
5.002502375283357505e-01
5.002354072060424262e-01
5.002225030978104670e-01
5.002083832660468854e-01
5.001992503817509483e-01
5.001910726473217661e-01
5.001833830300370654e-01
5.001752958947629502e-01
5.001687849541576192e-01
5.001648341114006691e-01
5.001572189763916487e-01
5.001511962277961354e-01
5.001442041268537864e-01
5.001377227420296112e-01
5.001318711678006679e-01
5.001275089529475526e-01
5.001255029528270946e-01
5.001247540420123983e-01
5.001238388320498052e-01
5.001229483268091469e-01
5.001218326249855517e-01
5.001201897461218238e-01
5.001183413970581304e-01
5.001203129957260130e-01
5.001309966987623756e-01
5.001439787472796716e-01
5.001577778321266710e-01
5.001707193771394167e-01
5.001937808301980537e-01
5.002161112042295965e-01
5.002381778036650850e-01
5.002566291040243529e-01
5.002813617486718822e-01
5.003103435304900870e-01
5.003399973170974402e-01
5.003783043379046447e-01
5.004233432743059318e-01
5.004746307584975185e-01
5.005383986975331378e-01
5.005975926710330981e-01
5.006664455941984837e-01
5.007428133197279196e-01
5.008054049297230303e-01
5.008484917785291923e-01
5.008542687425678874e-01
5.008458474387792458e-01
5.008287203137216093e-01
5.008023461479113037e-01
5.007853623702660517e-01
5.007542330389223029e-01
5.007291902818000739e-01
5.006983337412305168e-01
5.006621459029911847e-01
5.006552010031548594e-01
5.006486506150121807e-01
5.006294360461782667e-01
5.006113464680878034e-01
5.006088629826048741e-01
5.006046750694524983e-01
5.005969244628845072e-01
5.006046300359739964e-01
5.006008805619013291e-01
5.005934098595477000e-01
5.005815700451015093e-01
5.005734782063266941e-01
5.005509689299407761e-01
5.005273723430014865e-01
5.005297674160337218e-01
5.005280270528900122e-01
5.005536161767925041e-01
5.005873668726010806e-01
5.006141760833866527e-01
5.006618738404176039e-01
5.007293796511933515e-01
5.007740879567394998e-01
5.007951851080835182e-01
5.008475543292659760e-01
5.009053489239561063e-01
5.009513171870066950e-01
5.009629861470406009e-01
5.009626009360248489e-01
5.009397844236087582e-01
5.009373755955992547e-01
5.009218871211256197e-01
5.008965638050701941e-01
5.008694846883512408e-01
5.008301407215202117e-01
5.007956975772580588e-01
5.007519125356263423e-01
5.007052839107284381e-01
5.006595915646552264e-01
5.006077533350639097e-01
5.005585625223573087e-01
5.004988854701492018e-01
5.004544626825973008e-01
5.004155016221792929e-01
5.003781715071007330e-01
5.003458904749686909e-01
5.003202465276921362e-01
5.002925287092019335e-01
5.002724157021944951e-01
5.002561789960102701e-01
5.002454063506991400e-01
5.002309643164852826e-01
5.002349844834445003e-01
5.002374990936557797e-01
5.002405928369103583e-01
5.002422859809483313e-01
5.002490643359487343e-01
5.002639466711473748e-01
5.002798103780535799e-01
5.002764964365350453e-01
5.002775936361808506e-01
5.002784611730171083e-01
5.002661273832023081e-01
5.002522174275816358e-01
5.002501024179853983e-01
5.002596267741598046e-01
5.002610593178055121e-01
5.002565783449356429e-01
5.002886304912900206e-01
5.003202459275926106e-01
5.003490199842515196e-01
5.003967311016886965e-01
5.004358939611277535e-01
5.004927298560060134e-01
5.005680409381293439e-01
5.006350666193037924e-01
5.006911994825604673e-01
5.007608976404926970e-01
5.008393703868994074e-01
5.009086072028339220e-01
5.009687082751579368e-01
5.010015370952591862e-01
5.009899365892718226e-01
5.009637160663753530e-01
5.009304151154855278e-01
5.008695326623520128e-01
5.008092627988443013e-01
5.007629058080985684e-01
5.007504067889911870e-01
5.007125374001912821e-01
5.006769142620581814e-01
5.006479866691231351e-01
5.006143629821377949e-01
5.005963428178439312e-01
5.005911306823875861e-01
5.005895251311067717e-01
5.005897091360080875e-01
5.005921174585756805e-01
5.006003724414201939e-01
5.006373501323310160e-01
5.006816855673820177e-01
5.007336626464929941e-01
5.007654333050385320e-01
5.007977879434654112e-01
5.008362975705041853e-01
5.008847964903420102e-01
