9.994855306436803977e-01
1.038454228755002928e+00
9.801878278699850400e-01
9.349473232791646327e-01
1.041947563071605742e+00
7.616732098623753000e-01
1.005564641260979108e+00
8.962012852077503311e-01
8.877346771179127627e-01
8.548490469978514694e-01
3.505219300966703200e-01
4.923980396178329055e-01
6.995725283262177463e-01
6.486063156816570530e-01
4.351493878718366570e-01
7.133613124749285106e-01
3.341080631535341405e-01
5.136792473796294445e-01
5.877372494787342916e-01
5.482700570032832399e-01
5.571883150851567601e-01
6.047332174703456964e-01
5.438740222108388034e-01
5.053280155821808783e-01
5.277217456379786897e-01
5.396621703896524735e-01
5.489684733811823758e-01
3.796774714006033724e-01
4.745533950907373510e-01
5.985467964942581265e-01
4.152934231397087395e-01
6.558580855590516734e-01
3.021737989239250410e-01
4.515960569831336535e-01
3.260658774438981444e-01
7.118566661201595203e-01
5.781943823536395133e-01
6.157954807495149563e-01
5.056621011973864155e-01
2.919180152063739486e-01
5.820615836936445797e-01
5.664802417275357493e-01
2.686006065590408332e-01
5.903155465810312474e-01
5.608198631120012712e-01
2.879834088955638416e-01
5.804166740339267161e-01
3.885636811903868670e-01
4.672062210007491556e-01
4.966176433223243869e-01
7.518030396479330468e-01
6.305075239690827171e-01
3.600440861501259526e-01
4.686856754899900723e-01
5.026100873010623804e-01
5.308974430068669204e-01
7.032010392356721207e-01
6.773242187938371961e-01
4.670705423267201839e-01
6.552904523283139548e-01
6.927740556045756115e-01
5.615972602868377628e-01
4.907405571936436228e-01
5.825290885349099224e-01
5.558241453047632064e-01
7.033136857088584382e-01
4.392525592721916450e-01
4.248452985943668159e-01
4.304447547561536247e-01
5.276297254305276629e-01
5.138683489864355192e-01
4.003077674065737002e-01
5.989488534397120478e-01
6.891511896373042623e-01
3.996506594542762469e-01
5.002108004413305942e-01
2.821182317932220407e-01
5.224661166394368728e-01
4.302838756404383513e-01
5.105830895258771651e-01
5.084535462142445450e-01
6.586806779570658632e-01
2.609450234271423197e-01
3.922168719469759646e-01
2.178976274682113967e-01
6.401872192391729888e-01
2.597537033536865270e-01
2.345899228266261627e-01
6.034856573192270979e-02
4.906452730397566908e-01
1.574067187670137313e-01
4.612777216153287618e-01
1.752908823048607845e-01
1.772236193207956667e-01
3.063229211449361999e-01
-5.628342679373732338e-03
-1.410415615639208919e-01
4.364274878266483082e-02
1.775356565184103008e-01
-4.186698758684581634e-02
-4.845347204709460343e-02
8.350566586186258800e-02
1.085083885465911724e-01
3.021878509471650487e-01
3.678312949849801283e-01
1.280177989188555632e-01
1.609881894693971915e-01
5.467581781342465419e-01
3.842722301503798121e-01
1.136208335150800108e-01
1.383568486772354111e-01
1.525198257856223982e-01
-1.354043192801392959e-01
-4.121655287048664462e-03
1.273108925751048615e-01
-1.903489520576580052e-01
-6.908923046303305782e-02
5.352231318351086120e-02
3.111416260908499432e-01
2.795959367764130343e-01
-4.514998835374117725e-02
2.954258876514130883e-01
1.574610526746547112e-01
1.746573765976946468e-01
1.772036408615229597e-03
1.162191242642722777e-01
4.939089127615059471e-02
-1.662113119305752562e-02
2.373733083247251407e-01
-7.262378545368552984e-02
-7.340911045752851471e-02
1.533653450610512614e-01
1.767447727781179534e-02
3.334376281745665693e-02
-3.106282782548677179e-01
-2.074230589078649434e-01
1.271435568214684952e-01
-9.578456574822435954e-02
1.457883845032189596e-01
8.252480270216655533e-02
4.400233968480560254e-02
-1.798233925540475564e-01
8.442097984594798543e-02
-2.023029777376361693e-02
-2.510295085843328167e-02
-1.165489101108412306e-01
1.933841940372705848e-01
-1.122299246540503503e-01
1.271353371465889781e-01
2.894504590740820671e-02
-2.178230008010921814e-01
1.371974770308070912e-02
-1.617925644180704392e-01
1.829874036359052658e-01
-1.003279197343294182e-01
-1.718652972038992033e-03
5.895220256098288036e-02
-2.563467774615446615e-02
6.928240778317240611e-02
-4.204568766942529123e-02
4.361139246049772211e-02
6.733752366866208039e-02
-8.964372347535420893e-02
1.564240946578949742e-01
3.309801688333441350e-01
8.536775714736766218e-03
1.541426148456526146e-01
4.173735959035795862e-02
9.164591874097738344e-02
-6.280162110887421711e-02
-3.898531010562862331e-01
1.195695354782967401e-01
-3.042932600953696110e-02
-3.844829469929322840e-02
2.429529434265642607e-02
1.496269415182189810e-01
8.495903840512530891e-02
2.303169360523600329e-01
3.468643726501325908e-01
-8.796232168276230112e-02
4.904492303962726396e-02
2.359006205131725098e-01
2.129930303425379146e-01
-4.821263583160995125e-02
1.699705946314703509e-01
3.555469979809220415e-01
1.595280596892989511e-01
-2.638077450763753884e-01
2.888762286744658292e-01
-9.315828111900348318e-03
2.090351657229271298e-01
2.081863784055204558e-02
8.343089941911552287e-02
2.000058350280441433e-01
4.398083329225210836e-02
-1.879441707517295335e-01
1.768910832268782984e-01
2.194335140339320755e-02
7.979438022827267663e-02
-2.955377437323947198e-01
