9.663787090269806423e-01
1.120099261549472924e+00
9.147847932895067924e-01
9.606956865388707190e-01
7.790201034287236315e-01
7.007330532462487938e-01
7.858791347338605071e-01
7.339813870852873734e-01
4.036364308104627430e-01
5.071652477785004720e-01
4.282496174208881845e-01
2.527178143261834542e-01
3.435563735990859735e-01
4.809245545496673158e-01
4.971609205038456381e-01
5.610944273174247598e-01
4.616352265388542486e-01
5.395109836047464746e-01
5.035597738446172533e-01
5.036161198940631856e-01
4.280353511237509068e-01
4.759155801595923441e-01
4.957371563473224052e-01
5.307230838107761528e-01
5.848785988621636456e-01
2.622316569888121229e-01
2.875156505146366781e-01
4.879503531449442821e-01
4.765162617267966194e-01
4.353304869553324963e-01
5.465547948864535321e-01
3.714956962154701836e-01
5.180865472477851341e-01
3.440422346460592085e-01
3.135904907083307824e-01
5.123437082607908977e-01
6.707278515886327952e-01
4.121401724098564534e-01
5.318170735476519528e-01
4.660412643864040305e-01
4.801769191512947899e-01
6.334673333882011592e-01
4.591669798970413607e-01
4.714646101247271792e-01
4.839681164144686853e-01
6.597756700942112307e-01
4.069756045164774072e-01
4.208422232685384845e-01
5.461549313147919804e-01
3.339634495937872094e-01
4.357174089985313969e-01
6.166582620143974403e-01
5.472800627384803995e-01
5.282317172529976679e-01
6.384815609428882155e-01
4.559338232465808272e-01
3.811308995193419813e-01
6.078361719242517669e-01
5.371901450290963442e-01
6.489417611420511545e-01
3.848355806724238493e-01
4.386124087580031139e-01
3.354808890688026901e-01
5.929195042978459007e-01
5.997106183832243698e-01
4.686312548746021100e-01
5.168477951230606715e-01
3.046059974339526688e-01
4.281572971971192576e-01
4.254142521184820502e-01
6.505587925944578132e-01
6.304727144552570994e-01
6.731544343340590819e-01
5.168325586045972031e-01
5.066632544034437302e-01
5.777663238782226873e-01
5.928734244309834533e-01
4.765177662344142195e-01
3.451482712457532021e-01
6.113921738395347028e-01
4.089302159674891302e-01
5.262515295181688924e-01
2.321923916073067584e-01
5.360272071163345586e-01
6.245023854856928125e-01
3.432247055494053178e-01
4.775988556692748466e-01
4.678509145529115010e-01
5.047655403991064826e-01
4.750692549527143482e-01
5.999017883989805622e-01
3.693893477594227814e-01
4.571887724037637657e-01
5.135494045204008762e-01
4.138787702320483319e-01
2.890546196920122934e-01
3.400939668151464756e-01
4.640435197843222337e-01
4.604398058754664014e-01
6.235796830093747189e-01
6.087557638671849958e-01
5.996565893573823081e-01
6.136189167847955206e-01
5.749389670938691577e-01
3.480613937517417211e-01
5.099222673711854004e-01
4.094360143256468021e-01
4.816540181517668939e-01
4.891079292642287468e-01
6.104167298460335678e-01
4.017626401933299674e-01
5.701856370199409607e-01
2.932485466432036558e-01
5.132080202167917937e-01
5.722223588418974272e-01
7.467137084969099892e-01
5.097694185907284403e-01
4.976768743750742408e-01
4.874107494699547738e-01
3.383876930584962528e-01
2.706302868671737194e-01
4.951491792224831379e-01
4.979752532872195880e-01
2.020275555517413446e-01
5.226903373833258204e-01
3.530785803673479606e-01
3.890765128610561563e-01
4.452929931909146433e-01
5.962795280853071533e-01
5.335214181561865887e-01
6.004602204336936255e-01
6.153618549299947338e-01
6.725961524019148374e-01
3.840067025572573289e-01
5.077835204821751214e-01
5.008854528991195654e-01
5.190124767941570738e-01
3.868319251357360544e-01
4.334924180815789008e-01
4.825702018324651288e-01
4.533018141907680931e-01
5.279021818644920039e-01
2.592514548282781606e-01
5.637996742023585472e-01
3.840078145777185981e-01
4.213930584255867196e-01
6.858091530465937335e-01
3.716358092985470041e-01
4.347449289859216526e-01
4.631069520502980597e-01
4.397322557981849789e-01
5.689556950298320093e-01
3.645497666688478633e-01
7.704266439049856086e-01
6.625782376513573713e-01
4.316053663084151726e-01
5.714962834026366956e-01
5.944554967081765451e-01
6.168281475524222124e-01
5.566783970937496662e-01
5.654508124872075214e-01
6.313301685169442345e-01
4.253523058427364223e-01
5.867168787239729344e-01
6.009991916320124306e-01
6.083678337005608006e-01
6.779360717491773602e-01
3.841105755038924929e-01
3.035072053386587143e-01
5.379068230696728570e-01
4.111031657384841553e-01
6.750865070725413641e-01
5.468136826142895313e-01
4.454601765176615658e-01
4.471379891741548152e-01
7.234080701732996665e-01
5.609711357165627632e-01
7.217958724851203378e-01
4.479502715450045525e-01
3.763684213062244988e-01
5.810397617934942582e-01
2.767494414407047909e-01
5.587029660618774152e-01
4.609322632183424640e-01
4.621999303138715209e-01
7.422609817166472279e-01
4.240713194114392737e-01
3.307706700788810572e-01
4.192478282153999647e-01
7.463603287341247228e-01
6.503072843485018240e-01
4.779455222419539684e-01
4.306254939288507444e-01
5.880159269272832168e-01
5.045087865033632823e-01
5.172695067790569201e-01
4.605146481890786125e-01
4.177871297116947380e-01
2.834871651253995095e-01
4.393219833957491272e-01
3.975529410841897038e-01
5.407547902611979929e-01
7.038922636425075652e-01
6.559125611184040139e-01
4.532681668482995141e-01
3.728900930461861440e-01
5.771991468537096548e-01
5.225089363185981828e-01
4.903891813035146097e-01
6.108358360575255608e-01
3.745590705231680584e-01
2.733992839522301210e-01
5.330437601112431034e-01
4.095013228819980311e-01
3.044245649135645104e-01
6.864384494806183845e-01
3.638172513553665777e-01
3.667059146503451883e-01
3.270317643894657955e-01
3.995991193524569551e-01
5.597288636238566539e-01
4.640378423531005270e-01
5.136066571134090264e-01
6.775384829126946951e-01
5.907058723102007747e-01
3.693334458838223311e-01
4.510859326967159300e-01
5.748047637278406174e-01
7.295105846165024222e-01
6.917771219254618131e-01
5.546108895164802988e-01
5.654286658957534684e-01
6.454382905412754390e-01
4.919006737953273145e-01
7.660055134497848472e-01
5.534969818475199421e-01
6.992403269418234757e-01
3.893809459036273735e-01
4.892773557932194040e-01
4.302953107383182818e-01
6.030292230463676351e-01
5.574640507748449547e-01
5.611330739197573081e-01
4.607604899772617113e-01
6.676058890407492452e-01
6.063128746587087559e-01
5.218254346247610531e-01
6.624585795453665771e-01
4.707371536659485933e-01
4.512675385919804327e-01
7.056062476746634005e-01
4.925466818098990229e-01
5.855998848305599136e-01
2.188765702671431335e-01
6.235926486252725276e-01
6.584493926342194214e-03
4.455476613811358844e-01
5.473756206161537463e-01
6.859964622983621974e-01
7.207947676133596993e-01
5.934809807941194837e-01
4.971605524787074959e-01
5.623739516850739806e-01
5.819230034455291634e-01
4.391201602340503163e-01
5.303184331845012256e-01
7.468770816748677710e-01
2.857977500532826731e-01
4.330459548475478204e-01
5.245635981172398488e-01
3.414226816187222457e-01
5.914552610832178869e-01
5.425324874461512348e-01
3.116598838713130482e-01
6.408469224552424404e-01
4.749301608608142988e-01
5.004070405421841006e-01
5.714766104718933537e-01
5.252628893058786108e-01
3.737540947825483961e-01
5.890889349645183071e-01
3.708957866877136134e-01
5.581238248245399269e-01
4.551758648280234132e-01
4.194352203709967863e-01
4.491198244182352806e-01
5.467560089327441197e-01
7.259510141821008400e-01
5.195547016524089123e-01
2.503453174135492620e-01
4.010623974590820096e-01
5.302604211557870872e-01
3.932214925569493813e-01
5.126704126532719563e-01
3.575397467223028203e-01
7.598109565829509471e-01
6.738178621736521379e-01
5.749385401082871550e-01
4.820540257306794585e-01
3.548862989014945901e-01
4.747076268079808425e-01
3.860200461740491695e-01
6.281952761105531469e-01
5.402829014844232614e-01
3.686617630437855064e-01
5.802899984001317346e-01
6.071470645277663447e-01
4.871007656442520872e-01
6.537248553590490063e-01
2.458744075725117773e-01
5.473779282499469101e-01
5.201368500844717468e-01
5.661894315195608041e-01
6.185039016522217992e-01
6.902201022464851121e-01
7.469848393651361551e-01
5.604712213894800232e-01
4.683970403528806559e-01
7.228233922000850686e-01
4.531107171877496453e-01
6.620105512343796850e-01
4.983272323516804159e-01
5.900100297037518260e-01
4.860344875414405186e-01
6.690742037933683495e-01
3.440448269384345226e-01
3.866227721640315140e-01
3.355860382858546487e-01
4.407499048013463483e-01
2.919423495951511960e-01
3.976818863722545450e-01
2.840896201429123913e-01
4.703342571021281726e-01
4.450042423039323181e-01
5.833731052581716536e-01
4.795089603781217402e-01
4.960389439662971078e-01
4.644955937739386753e-01
3.218349950693496497e-01
4.597773850968338571e-01
4.772922510119443906e-01
-1.524760514746947848e-02
6.194082337034341190e-01
4.040974661329236328e-01
4.333646044613524984e-01
5.225652848577351239e-01
5.794043620824126384e-01
4.362556776718948814e-01
5.378186981398473954e-01
3.355271020590396835e-01
5.737651952743113570e-01
4.363307039738081317e-01
7.227949126664003909e-01
7.896029291384278892e-01
6.294392232498859929e-01
8.146542005106452988e-01
6.442341990350610725e-01
5.730899003344196441e-01
5.712539447288920158e-01
7.507244947768095811e-01
1.054300757178613379e-01
5.999554284638406454e-01
6.639884199313389468e-01
5.328241336097369052e-01
5.691341588519117645e-01
5.667567050073065715e-01
2.962979123204004805e-01
3.191701631649942472e-01
4.785223632880850619e-01
4.380710385523688410e-01
4.069149227772677069e-01
7.140465920443015424e-01
3.428754173985990583e-01
3.363411926736273871e-01
3.350842815254069240e-01
6.414863755900523934e-01
6.458211536956579568e-01
7.214517721815735252e-01
5.882527546877298619e-01
5.178931122716962099e-01
5.005147117196763196e-01
5.245211062483192688e-01
4.383125676797368087e-01
4.151229050197333681e-01
6.284634543987767108e-01
4.330096483778713701e-01
5.573297915429569205e-01
3.451771000160118730e-01
5.644914078664691193e-01
4.754568321844989676e-01
6.503807209530747535e-01
4.656894560386294346e-01
3.705070875635220196e-01
4.476330908114518614e-01
3.743380722424711760e-01
6.249019513705600382e-01
5.752098868281719790e-01
3.404892881772183522e-01
6.890727069568105545e-01
6.118423499533590659e-01
6.033575379099631597e-01
3.838383856560987351e-01
5.204996518200561972e-01
6.083324367434134183e-01
2.255361517683709405e-01
4.313470788864525174e-01
2.537228185853496187e-01
4.921660376255825309e-01
2.334373356993093562e-01
5.387918433806936358e-01
6.581609992378196772e-01
4.534822551552577519e-01
5.681010197810749673e-01
5.152804598401549141e-01
6.514081983582511448e-01
4.692821965064208900e-01
4.753578033873333553e-01
5.333361718555753583e-01
5.122123231373911789e-01
4.619252591893432403e-01
3.755377314608430162e-01
1.252935982935763359e-01
5.914568525689369860e-01
5.182120603126718628e-01
6.297525261888341497e-01
6.207461693431499672e-01
5.692720787309887287e-01
4.157244893993443657e-01
5.852478525777077278e-01
3.746696617997015144e-01
5.085514640218602445e-01
4.063628413420700136e-01
5.810107668427750838e-01
7.115250472093224143e-01
7.389073628949311967e-01
5.450438034193523240e-01
4.293199558165493590e-01
5.200087363251191253e-01
6.573711193082356630e-01
4.475967792504218501e-01
4.422524114041931353e-01
6.427097804072310350e-01
6.689839382269363588e-01
5.443731075024766941e-01
4.241345647151258946e-01
5.275729273417555376e-01
5.571070315680053398e-01
2.365508788084591529e-01
5.899846579861530715e-01
6.442198627222662788e-01
4.801153414872876279e-01
4.033438018513170187e-01
6.817892324462713205e-01
5.813134357923180895e-01
4.892366151696321275e-01
4.799668932967108281e-01
6.530275647684040674e-01
5.754953110484937184e-01
6.720643870981957146e-01
7.667610505052410153e-01
3.501227498256386239e-01
6.020414313766506709e-01
2.698630283456698864e-01
6.537260216432105864e-01
5.333962857600751395e-01
4.908567162258244965e-01
5.406961302026511706e-01
3.669839909805966416e-01
6.329768714846009114e-01
5.337877409586131439e-01
3.945548794942673743e-01
4.270725674668508498e-01
5.374636472302924961e-01
5.462835979921456531e-01
2.887873954538942023e-01
4.833231667460017311e-01
4.772482006921240361e-01
5.034417163814334240e-01
5.580425363502621305e-01
6.587732917112372188e-01
6.231237585147181290e-01
4.814933193742995110e-01
3.207591931500476390e-01
5.489215041546395835e-01
4.276749758352231812e-01
4.800871576539517127e-01
6.039247400472383953e-01
5.975541297593527368e-01
5.394251615533014466e-01
3.380434727706917997e-01
2.980459408207952743e-01
6.983205189881014352e-01
5.010191726171703275e-01
4.188106211820924463e-01
5.521801402884709553e-01
6.809463981881085370e-01
5.304355857780747030e-01
5.786892268013341667e-01
3.392007818651633366e-01
4.835541418511611900e-01
5.687222013523880459e-01
6.441379673132254791e-01
5.292452304859922574e-01
1.334341048492369008e-01
4.352349490567865020e-01
5.592019762535460625e-01
1.599534169009111384e-01
5.119153151946955749e-01
5.339682165343815345e-01
3.330609086481230996e-01
5.219470043827443284e-01
5.203696390782279746e-01
6.791266804453777173e-01
6.445422973539951528e-01
6.292448278163578212e-01
6.520470723906642840e-01
6.932702082907435948e-01
2.396126655319404941e-01
6.703036528284160855e-01
2.019171295641730701e-01
3.509352050208903728e-01
4.744508308619682646e-01
5.365302771217310696e-01
3.646217532693981633e-01
5.474099031199644028e-01
3.408578305019115406e-01
3.944228226333779119e-01
4.952010788537419828e-01
5.219200700850684660e-01
2.881701511427244844e-01
8.376799755868531427e-01
3.577485757707533631e-01
4.251942090052142076e-01
6.524892751807337410e-01
5.647017856689515725e-01
4.663094568453979294e-01
4.247649858265059031e-01
3.056486999709595587e-01
6.037983621768976406e-01
5.043926271891514546e-01
4.228101517641220664e-01
6.033684766593923055e-01
7.557841450243555359e-01
6.325850677617289586e-01
6.537552208801582498e-01
5.880524814851003645e-01
5.873701161597697507e-01
4.855845245619433426e-01
3.955874552417441015e-01
5.627160522054408531e-01
4.380378991137672262e-01
3.418236705821021681e-01
4.271689528693695115e-01
5.758410844137236140e-01
4.747416688007017882e-01
4.281449155917956828e-01
4.458095299515126841e-01
3.985020387371879247e-01
6.473987095980928697e-01
5.332378165897659894e-01
-5.629773327372264990e-01
4.724419761995750644e-01
2.545152440542591821e-01
4.167421525375700764e-01
5.534945805070834446e-01
8.073853516434564837e-01
5.127604866745221202e-01
6.256940403839674758e-01
7.086945730902129981e-01
6.345690227327427380e-01
9.971754504695190535e-01
5.574666299241346490e-01
7.770523319416776653e-01
5.621834825897296106e-01
6.607837111752675741e-01
7.686989798152182862e-01
5.062757629582259611e-01
4.688410629901003102e-01
5.043307002262132910e-01
7.591542264995785327e-01
4.047660915202975218e-01
4.492259729151450998e-01
7.391247616167158085e-01
6.199404879790035849e-01
4.689803041838114250e-01
5.209538443195091961e-01
4.829134115422067941e-01
7.170960926383904699e-01
3.400740517602025559e-01
7.200104207268147594e-01
2.118733155085178455e-01
5.333421839285119592e-01
3.495041475688378529e-01
5.099402758143742886e-01
4.312443494772904007e-01
4.659344637767306452e-01
4.996375806358657190e-01
6.503647297796913973e-01
4.939105466638852304e-01
4.287584673662856449e-01
