1.080545668076356547e+00
1.011449555284694712e+00
9.610908123121770785e-01
1.038510225274392962e+00
1.141243167353404919e+00
1.064019390194745451e+00
1.157798818613080316e+00
9.564745890188980360e-01
9.342355963634983995e-01
1.031579852527800600e+00
1.109768544599066820e+00
1.052205334204621590e+00
8.601065241910607062e-01
1.002469346383915161e+00
9.626307056291875108e-01
8.433283333223059453e-01
8.519043239212586993e-01
8.515197391772988400e-01
9.387821895731163213e-01
9.172676263480669112e-01
1.096611377587450420e+00
1.017307793958923012e+00
7.337407146284831150e-01
9.541722591536001552e-01
9.201945217481799499e-01
9.504125274078197849e-01
1.186582409012290285e+00
1.075089178498244369e+00
8.485579076466789328e-01
1.035716413967052052e+00
9.723570803159090614e-01
8.554076637508295500e-01
8.811625562430420722e-01
8.266760267809544205e-01
7.632619080157724278e-01
9.163810569501009695e-01
9.713915764790240770e-01
8.384433945355908024e-01
8.218977267897746852e-01
6.128472443291641536e-01
7.016554379888224613e-01
6.755928676629188168e-01
7.038241168969023853e-01
6.198247555127688324e-01
7.074215464428689204e-01
8.733652695259697119e-01
6.823197775820901700e-01
7.839051390258615637e-01
8.635540193092156036e-01
9.806394070833861498e-01
7.535073976892392444e-01
7.695349816545374866e-01
6.440052394885755760e-01
8.894538819588136969e-01
8.516440743954903914e-01
9.041947423411322848e-01
7.412894382150497785e-01
6.042849477207126174e-01
5.501953965617941700e-01
7.172450180963032551e-01
6.418281410519319774e-01
8.929382842122502995e-01
5.800472219106799221e-01
5.833851210554124034e-01
6.556908624171958744e-01
8.681132750272366749e-01
7.667056543740221608e-01
3.491329013165330730e-01
5.650905982014886586e-01
5.034702013544519739e-01
7.727816920671868317e-01
5.140826622851891736e-01
5.858588173533934018e-01
5.601998735112856398e-01
8.657390274837493127e-01
6.156778148725288169e-01
8.316029983528919756e-01
7.658395252764019778e-01
4.408057244377158179e-01
7.182098857242917855e-01
7.514547457449176626e-01
7.151601358378270046e-01
7.032336051016493395e-01
5.599926508265140601e-01
3.670040739177263811e-01
6.900943082971622289e-01
6.054064531844591812e-01
9.594310689544921500e-01
5.063796025407427681e-01
5.474469998108992819e-01
5.987499894406391743e-01
2.982358051357519857e-01
6.754101829055709771e-01
3.709032350904650777e-01
5.317809510069249068e-01
7.106404324980445386e-01
8.634266226452009807e-01
2.175050597058317825e-01
9.073493465087335563e-01
7.219637998245305166e-01
8.766387943225928403e-01
8.094333907602194733e-01
6.711757089706946733e-01
7.074908943133451089e-01
5.989409741189414271e-01
7.761274577051794354e-01
7.270903989824892832e-01
6.265700025188127853e-01
7.225741695070715398e-01
3.423806479992197449e-01
6.664040764066463396e-01
4.502022448634765972e-01
8.974946595835042729e-01
7.672644735358727930e-01
8.932015726986751725e-01
6.738886037878147883e-01
7.223764283391582719e-01
6.501875564520306350e-01
7.769330772743996416e-01
6.766226676325415301e-01
6.859810036228808361e-01
7.196866871830001067e-01
7.046413537062279353e-01
4.821034786022567742e-01
3.920022433374945603e-01
5.707988039906496391e-01
7.798938111779079030e-01
8.832774349722358753e-01
7.309064377261270673e-01
6.702836175825477305e-01
5.125946026372809605e-01
6.489912741246246508e-01
7.174502734892487243e-01
5.983590179646869345e-01
7.832082105774762493e-01
7.255923980654812588e-01
6.112608281481141104e-01
6.580958834411596570e-01
5.633552052638872709e-01
7.710832180864359842e-01
7.348004625414086277e-01
5.055632760953556737e-01
5.560685013611603722e-01
4.445777418331396946e-01
5.645078164930943387e-01
6.620902482658829191e-01
7.990753944387193330e-01
8.198625877433227682e-01
4.925004594533078928e-01
5.071688623670784768e-01
5.084483265632784299e-01
5.603462517677477717e-01
4.836917290664866087e-01
5.639527124526846347e-01
5.770689746770705231e-01
6.133388477110441883e-01
7.115057151684902603e-01
7.133620412511889608e-01
5.076596754522838539e-01
8.331962386974819390e-01
7.620612458885459572e-01
7.199306110396914704e-01
5.017630370437101694e-01
6.074715324742758771e-01
4.819238334612012675e-01
5.715166899970226533e-01
5.558915022936965489e-01
4.951170761890558714e-01
6.515910744825252898e-01
6.632677027314608509e-01
6.031010773800302704e-01
6.867094589024442808e-01
6.758647405831271771e-01
4.779929455615283818e-01
5.915099644475338980e-01
5.930854589592620130e-01
6.028848715008461312e-01
7.398309989196223402e-01
4.356264645043560479e-01
6.907005781326993610e-01
8.177893915424345739e-01
5.876133440229203142e-01
8.012630380811500697e-01
4.945846791764926254e-01
6.312798129439773920e-01
6.978784667016970644e-01
7.346080042260039189e-01
6.483043126134520051e-01
6.663771710964898620e-01
6.890677033179146704e-01
6.631910093455959387e-01
6.519328423776521442e-01
6.664402142484426861e-01
6.236540659766216521e-01
8.341079251564753605e-01
4.120974538267243581e-01
6.799251260214511650e-01
6.895219157242105101e-01
7.899973919142020407e-01
4.721881949953249391e-01
