9.999715848066965673e-01
9.993362471550645276e-01
9.983903760648956682e-01
9.973660538550972454e-01
9.968672542825192107e-01
9.970103143940026724e-01
9.978980890105726420e-01
9.982945811507827338e-01
9.979978108166239759e-01
9.976312403118385852e-01
9.973429482167743831e-01
9.969491080686484485e-01
9.960675835604945183e-01
9.952788466369048015e-01
9.944993590024815422e-01
9.930482090151905306e-01
9.911878477344892024e-01
9.891832930036517091e-01
9.869834909748324003e-01
9.839006499992817290e-01
9.797468673142836204e-01
9.767660807431661762e-01
9.720477818434954953e-01
9.677112872423281331e-01
9.639666255892237468e-01
9.611116603414203707e-01
9.592028573310500406e-01
9.586227480524072142e-01
9.555237891576708886e-01
9.502663462318110543e-01
9.426690449427289620e-01
9.313236881738067297e-01
9.153263566133540419e-01
8.963059214095829841e-01
8.679299845211114750e-01
8.328073959561885786e-01
7.982490785806978240e-01
7.543203270993957821e-01
7.116795309864258900e-01
6.723567848638833944e-01
6.356162701392822356e-01
6.108594146246728585e-01
5.871295629891877255e-01
5.961559198632788714e-01
6.020111990431853410e-01
6.033850630788589742e-01
6.106003674242933554e-01
6.139152878723337370e-01
6.179658548906792337e-01
6.198218130141495141e-01
6.202830101004548347e-01
6.190527211281973141e-01
6.183428474404369934e-01
6.182679403612511004e-01
6.151974538600395448e-01
6.106397722025803665e-01
6.051380176826650636e-01
5.961242828979940178e-01
5.873318754675309616e-01
5.778636607704963346e-01
5.622243024266746492e-01
5.522684594452442752e-01
5.431373942738182414e-01
5.368964848276069901e-01
5.307851699121823863e-01
5.253718887427988316e-01
5.206702126084092885e-01
5.170518115151925276e-01
5.144066379511647025e-01
5.128961188344073330e-01
5.113580012812017905e-01
5.103240048397682527e-01
5.095239753744107425e-01
5.087061340376828333e-01
5.082792325240608200e-01
5.077636844906392444e-01
5.073126134084705585e-01
5.067425488705221692e-01
5.064685780625445277e-01
5.063333381751390361e-01
5.062313752631333319e-01
5.061576354570846981e-01
5.061723686850885251e-01
5.064254355520936279e-01
5.064921471606841363e-01
5.065567364558503094e-01
5.067569722261954235e-01
5.067289323528800793e-01
5.066842450555940625e-01
5.066265244230132581e-01
5.067227897290105254e-01
5.068171999320855159e-01
5.066426879977307118e-01
5.065594233203782881e-01
5.066815145750914740e-01
5.105069144252718516e-01
5.157211391696097103e-01
5.217512225130274128e-01
5.288029072371678296e-01
5.360192553970373197e-01
5.433966339050599892e-01
5.482273836577066239e-01
5.618818375413657806e-01
5.762843409526008376e-01
5.859139016719817628e-01
5.914800452289028510e-01
5.899001386233990729e-01
5.840778595106903559e-01
5.741291654113414022e-01
5.731907179285451459e-01
5.717605917261879833e-01
5.717959845449676060e-01
5.680405762819040749e-01
5.642642424620634145e-01
5.606350187631561344e-01
5.535102755753480430e-01
5.478705569577148049e-01
5.417189488254003926e-01
5.346831848570974266e-01
5.290832782886897290e-01
5.255044294655506487e-01
5.218457549482672375e-01
5.193331944060040062e-01
5.177150765217282125e-01
5.173394738432393059e-01
5.184520686742815077e-01
5.196515442542819496e-01
5.210958587653999885e-01
5.231558386685566386e-01
5.247946907850646880e-01
5.250251791148770053e-01
5.253173526777683566e-01
5.248282720562215120e-01
5.237918825404549450e-01
5.223931061100300921e-01
5.209105392595388961e-01
5.186751668699436379e-01
5.165492130178281904e-01
5.151057877802576179e-01
5.137450769074622947e-01
5.128256114501086316e-01
5.125811841005927239e-01
5.120503543790004830e-01
5.109264871348134784e-01
5.099828219164110887e-01
5.092342096693505127e-01
5.083923589283757538e-01
5.077879563308325128e-01
5.075622282953500264e-01
5.073250186035382914e-01
5.073178307866185177e-01
5.074438761709052503e-01
5.075463168010690973e-01
5.075703363745264207e-01
5.075703318205443404e-01
5.075403702680634233e-01
5.079963077084669321e-01
5.082672070726352853e-01
5.084026270533925640e-01
5.086615988793501408e-01
5.085425338972644482e-01
5.083529002922949624e-01
5.079213100312220952e-01
5.078915088125373067e-01
5.081229023381188536e-01
5.090398169394392269e-01
5.088543363441001555e-01
5.103963372519404462e-01
5.114467193970867465e-01
5.098240409320140554e-01
5.072523453093265022e-01
5.108283062646949979e-01
5.169653434049648055e-01
5.157834884883339965e-01
5.122894563870555862e-01
5.123467100421102982e-01
5.085597537835204740e-01
5.059827571855644024e-01
5.046087697802348337e-01
5.061162604409943366e-01
5.099496233181869398e-01
5.179848196486995793e-01
5.248546119423433964e-01
5.276349374806411641e-01
5.097623560946326071e-01
5.064715207105925376e-01
5.296071385564009582e-01
5.051054259944862679e-01
5.007772417266804776e-01
5.094622145133527180e-01
5.009011755222956275e-01
5.037227783065509890e-01
5.064596972139556730e-01
5.758838153364591594e-01
5.893736846203641022e-01
5.492430987328944525e-01
5.344584202572234544e-01
5.740312469939720108e-01
5.279426683104472273e-01
5.791151138445909119e-01
