9.090226597294411848e-01
8.577200362140291467e-01
7.960624811749673624e-01
7.520673302366618351e-01
7.037204389117823755e-01
6.519747570647633772e-01
6.076819716765260448e-01
5.782371390676992462e-01
5.547752722973913198e-01
5.366301166137341649e-01
5.228880400006066242e-01
5.156026412842473761e-01
5.104936897465418566e-01
5.069405297151403644e-01
5.046686037016754334e-01
5.032195596381556779e-01
5.022487727807531943e-01
5.016207091643575255e-01
5.011771937372869745e-01
5.008654180205784900e-01
5.006565534637565928e-01
5.005201346430194764e-01
5.004208887139499629e-01
5.003542682217084758e-01
5.003061903660057652e-01
5.002683488728159045e-01
5.002449638275565658e-01
5.002170856655442366e-01
5.001940276887059111e-01
5.001743437122041502e-01
5.001659468734931391e-01
5.001561157902030264e-01
5.001476273296463493e-01
5.001399304772846666e-01
5.001328463936409729e-01
5.001201328632488563e-01
5.001193013803260090e-01
5.001202537140947424e-01
5.001189469437679058e-01
5.001174527711175211e-01
5.001152767600591798e-01
5.001117574989476511e-01
5.001072876365334485e-01
5.001077356434023846e-01
5.001095806764420670e-01
5.001110482060834306e-01
5.001117871119000746e-01
5.001218033886795089e-01
5.001234710529757210e-01
5.001246475529311786e-01
5.001265313167314597e-01
5.001294546721164469e-01
5.001317811624429455e-01
5.001343857345368349e-01
5.001225127994688435e-01
5.001143733039549177e-01
5.001094526583682587e-01
5.001059465832317086e-01
5.001025170840507350e-01
5.000992993910859941e-01
5.000961169177359222e-01
5.000972685336824153e-01
5.001044653160905407e-01
5.001089411749974900e-01
5.001125085112796409e-01
5.001144902430023631e-01
5.001160642195081607e-01
5.001170700802383129e-01
5.001165152407461845e-01
5.001156529747579071e-01
5.001152881500700031e-01
5.001154023525149483e-01
5.001196809351334815e-01
5.001231831693692120e-01
5.001261378079562281e-01
5.001283305832493475e-01
5.001292291213892405e-01
5.001271815783048247e-01
5.001250424190942789e-01
5.001355780719718425e-01
5.001512172718221017e-01
5.001754283290142933e-01
5.001990922298449327e-01
5.002254779889914182e-01
5.002467896755729004e-01
5.002830353635404625e-01
5.003190135250870085e-01
5.003876387295733696e-01
5.004606245570275558e-01
5.005392218492705769e-01
5.006105336598237754e-01
5.006969808743556571e-01
5.007784253664897545e-01
5.009073078260979361e-01
5.009840214699003980e-01
5.010627370714678674e-01
5.010867896461852489e-01
5.010740670846496325e-01
5.010383810287313278e-01
5.010528912939766766e-01
5.010867572690278493e-01
5.011621395171681481e-01
5.012822002530117338e-01
5.014734076103859461e-01
5.016417923075002783e-01
5.016713925529174833e-01
5.016489870862201883e-01
5.016431419768739852e-01
5.016725458944857330e-01
5.018906875947271029e-01
5.020164266874316272e-01
5.022254416725437931e-01
5.023796321967105571e-01
5.025143545149367563e-01
5.027048487326313264e-01
5.027762393322365853e-01
5.028812371147801663e-01
5.029070062233884642e-01
5.029560173701823622e-01
5.030637181438388783e-01
5.032828399009630083e-01
5.032882587757956383e-01
5.034071640343500409e-01
5.035206700201432239e-01
5.038107467432857423e-01
5.042679410340960011e-01
5.045405725841891620e-01
5.052701838228927933e-01
5.058527581974798792e-01
5.063072473819434371e-01
5.062355586391579232e-01
5.059533266104541127e-01
5.059834336508426400e-01
5.060056843204264743e-01
5.057495284220795417e-01
5.051436908141637705e-01
5.043332293276030498e-01
5.034822213944620817e-01
5.028779338555648959e-01
5.033224365067775485e-01
5.039119911391838347e-01
5.042162409896868702e-01
5.041645690286653547e-01
5.041382994016281316e-01
5.040439699205260249e-01
5.039161381021753927e-01
5.039162979309956825e-01
5.042786185650435238e-01
5.084226042178457972e-01
5.150228746575602479e-01
5.242229978014854019e-01
5.335385109904942080e-01
5.392219820133621333e-01
5.454681917737036478e-01
5.514785622038652635e-01
5.550945752157110391e-01
5.563381943640728355e-01
5.544630544254802729e-01
5.502590147458320535e-01
5.452438645976134257e-01
5.444598500412958231e-01
5.430507298530762306e-01
5.394367614689399293e-01
5.334784268399426210e-01
5.301109355344270080e-01
5.264263381815238452e-01
5.227707346915082542e-01
5.210977965232062026e-01
5.230044708295850109e-01
5.248802142537352111e-01
5.258515243797916572e-01
5.272910194671969197e-01
5.254312923343378294e-01
5.250552001954688075e-01
5.233022090957005767e-01
5.217702186600013947e-01
5.201729734444775488e-01
5.199092029654469593e-01
5.206431800432314017e-01
5.205055696799076870e-01
5.200429044410868062e-01
5.192201329566565882e-01
5.181614297487224796e-01
5.168098878974565213e-01
5.148402214426299750e-01
5.130836287742805979e-01
5.107540477039329563e-01
5.092711313218682978e-01
5.079484648262873048e-01
5.067046153665040187e-01
5.058046888196943147e-01
5.050567642696336401e-01
5.044773391708167187e-01
5.039942203209426541e-01
5.037430387221630834e-01
5.034597304803098972e-01
5.032608291359239594e-01
5.030932852007568012e-01
5.029586824498319952e-01
5.027185651891248330e-01
5.025793048366551385e-01
5.024539024460247250e-01
5.023351106924434095e-01
5.024723725124439211e-01
5.027363077224539234e-01
5.030537902062541811e-01
5.033327347925602435e-01
5.037334890656934849e-01
5.040899468378818860e-01
5.044607036687012158e-01
5.047346593932460213e-01
5.052369058420949077e-01
5.055044966513057014e-01
5.056524570394831386e-01
5.056661616357061018e-01
5.075532677450010910e-01
5.096146683983944214e-01
5.121034302665945503e-01
5.143209687609640035e-01
5.169023871894220523e-01
5.183596649026958048e-01
5.193315460133394179e-01
5.217520015878394091e-01
5.243936791043114498e-01
5.267103210809388480e-01
5.403421953857701077e-01
5.555581754657150650e-01
5.694206946308344452e-01
5.842698471822339590e-01
5.865910384873205263e-01
5.870236860632153109e-01
5.784224592347664284e-01
5.683858064021437562e-01
5.583310259109053320e-01
5.464795166359949219e-01
5.394620054516692242e-01
5.321091159754751665e-01
5.247805754478869211e-01
5.177766316251724010e-01
5.124077152787229750e-01
5.085785190694451785e-01
5.058682484069816354e-01
5.041049485463158231e-01
5.028660718742949953e-01
5.020942248342100678e-01
5.015764705314390559e-01
5.012167337854693816e-01
5.011703704377810098e-01
5.011232978843503938e-01
5.010680029116528766e-01
5.010448040239112721e-01
5.010356678607972292e-01
5.010294342718444316e-01
5.010071708485936970e-01
5.010014007504821620e-01
5.009961557773280338e-01
5.009853021206611690e-01
5.009912047999761642e-01
5.010114456766230351e-01
5.010171897762947246e-01
5.010303373105576830e-01
5.010733890133043378e-01
5.011243390757198490e-01
5.011996485530356704e-01
5.012878042589254957e-01
5.013634766720331815e-01
5.014485024432326910e-01
5.015834746528073929e-01
5.017100969350078987e-01
5.018502561908564363e-01
5.019962854699879795e-01
5.020928676475142627e-01
5.021803360693308793e-01
5.029265726747305099e-01
5.037410944552869196e-01
5.045078199791245277e-01
5.051347043349344590e-01
5.056391665448241035e-01
5.060179250476066759e-01
5.064675788644440457e-01
5.068233854394310622e-01
5.069848076472363019e-01
5.068078898569269297e-01
5.062805294460872574e-01
5.059874575128484597e-01
5.055742238383916787e-01
5.053436884928887984e-01
5.051937265035059133e-01
5.053923591434918983e-01
5.054719578388455758e-01
5.053193826326405347e-01
5.052024691534141576e-01
5.052497603282589678e-01
5.050431335205393113e-01
5.048982528980983098e-01
5.049150952805450121e-01
5.053086699022131256e-01
5.056169018169294205e-01
5.060586359575680593e-01
5.061838209352922391e-01
5.065446825308081991e-01
5.067966378482247070e-01
5.070086709997390084e-01
5.070051484269744169e-01
5.073052845758208029e-01
5.073323858077116721e-01
5.070156184484134743e-01
5.070686779320158211e-01
5.068885051021649879e-01
5.066788953803436080e-01
5.060640522243857742e-01
5.058204117739901751e-01
5.055527763368696803e-01
5.053244625640473942e-01
5.050576360090214267e-01
5.049115210481777138e-01
5.048787127223565152e-01
5.047874869587944957e-01
5.050840421229676469e-01
5.051991272359275253e-01
5.051386020973668289e-01
5.051455520254736209e-01
5.051865274222810953e-01
5.052208474247135150e-01
5.051922661019355720e-01
5.052396995715754402e-01
5.052218312991901827e-01
5.065728480248175014e-01
5.079670407998436721e-01
5.091852113451863504e-01
5.109531155364117616e-01
5.124381534553884565e-01
5.134187480844223384e-01
5.141395297970678957e-01
5.152278182633941439e-01
5.155150273925501736e-01
5.157580504823295886e-01
5.152102296818502625e-01
5.175457169298086635e-01
5.192865828609828371e-01
5.195749330194481264e-01
5.195199893185020734e-01
5.235853089654435299e-01
5.295778622951085035e-01
5.369893668644711848e-01
5.451750535836783484e-01
5.660580894166564736e-01
5.897514479473590088e-01
6.146127995807966204e-01
6.333692370451871057e-01
6.419547075694131966e-01
6.370232518720337911e-01
6.269293346651967358e-01
6.116479789822623081e-01
5.890853014609602756e-01
5.672352627003764969e-01
5.497214357126771755e-01
5.351821383186242675e-01
5.280135052825198905e-01
5.214342832587165466e-01
5.149595063999901079e-01
5.107501867395336514e-01
5.074742717097342481e-01
5.051742178918455783e-01
5.035434006003990381e-01
5.023973222705457875e-01
5.017008974917605002e-01
5.012442296669172848e-01
5.009412280742797652e-01
5.007418655963804532e-01
5.006106607818925358e-01
5.005061471125997752e-01
5.004130706135900830e-01
5.003405570828914906e-01
5.002943199533635976e-01
5.002591024811049447e-01
5.002256311269490663e-01
5.002014627752535691e-01
5.001840607501750746e-01
5.001686679062680163e-01
5.001601898849625805e-01
5.001544226890506373e-01
5.001584045278059110e-01
5.001613649172386156e-01
5.001635675905711231e-01
5.001672885178756189e-01
5.001700225985198367e-01
5.001878050843079349e-01
5.002005693684490328e-01
5.002132862976491623e-01
5.002335892496831971e-01
5.002520104368852749e-01
5.002769588950456425e-01
5.003008519154076295e-01
5.003423171476619746e-01
5.003869533563625183e-01
5.004190756701294429e-01
5.004455645676648690e-01
5.004742768040659762e-01
5.004979984530300019e-01
5.005162984455029385e-01
5.005419802190946843e-01
5.005779882623069277e-01
5.006079202262636585e-01
5.006482092674073847e-01
5.006765689139064390e-01
5.006947654058138131e-01
5.007004989031436093e-01
5.006980454430368654e-01
5.006954645796199976e-01
5.006941446957902109e-01
5.006973942924042298e-01
5.006839405781664532e-01
5.007045852967755284e-01
5.007542642497293528e-01
5.007936860659818468e-01
5.008243719218805623e-01
5.008776925797642221e-01
5.009053315100100434e-01
5.009264173351418714e-01
5.009368440135436584e-01
5.009649421474607900e-01
5.009798318432977515e-01
5.009587504308489203e-01
5.009364812051424476e-01
5.009331994069964322e-01
5.010024816028579853e-01
5.011283133067954143e-01
5.012742785042667570e-01
5.015181946121864964e-01
5.017581643377493350e-01
5.019462854103250438e-01
5.021934136670924698e-01
5.024833803540288413e-01
5.027694628489711715e-01
5.028439469462989697e-01
5.028748578534798508e-01
5.027966540698777242e-01
5.026929814208833669e-01
5.027462965309219545e-01
5.027569165607492785e-01
5.028015653830721909e-01
5.028758033354074897e-01
5.027895615685633590e-01
5.025658546915341418e-01
5.023324790994281308e-01
5.021495837831648767e-01
5.020592653440607567e-01
5.019878722539411475e-01
5.021159301205099235e-01
5.022288913621836270e-01
5.022831596480483718e-01
5.023058394742155874e-01
5.023167007425470842e-01
5.038583394593868503e-01
5.059370587494044225e-01
5.083577359949220664e-01
5.107789515104270706e-01
5.129677723292868086e-01
5.148178319103862144e-01
5.170265384377661366e-01
5.176707345014579520e-01
5.167391580852215283e-01
5.152214374620194270e-01
5.139323410610872056e-01
5.135494485666192155e-01
5.131252751601229622e-01
5.131043136857021958e-01
5.121240557928249393e-01
5.113861368023069343e-01
5.115196654846743129e-01
5.116893365720225351e-01
5.120568828561954389e-01
5.123504192176380201e-01
5.123431466287957647e-01
5.112435644504814691e-01
5.095898706556944990e-01
5.084011780807385916e-01
5.080774323055416986e-01
5.077269430630533265e-01
5.077089162412187218e-01
5.073643137514830537e-01
5.076428320328136845e-01
5.079474012529681115e-01
5.077790043306902312e-01
5.076792130600473740e-01
5.076097851871744782e-01
5.074447094140703829e-01
5.073557678295148587e-01
5.070911986335704391e-01
5.064658527052936510e-01
5.060830445152558754e-01
5.057418637499689895e-01
5.054551249828820314e-01
5.049110939181716828e-01
5.046191175262466633e-01
5.043334774992735969e-01
5.040896020652199105e-01
5.037448184866615275e-01
5.035000365411987922e-01
5.033720566750294889e-01
5.031507620136422831e-01
5.029583618680496526e-01
5.026583342893939932e-01
5.027063352235807692e-01
5.027529390424869682e-01
5.027130911224850784e-01
5.025829810090458594e-01
5.025491832813169246e-01
5.026406358323343149e-01
5.028454943267320898e-01
5.031784563158208101e-01
5.034814432436768294e-01
5.037118824023842922e-01
5.037822326806697948e-01
5.047810795291908237e-01
5.062398842764098683e-01
5.077456699956012232e-01
5.092352154085342253e-01
5.109981145430575467e-01
5.126635060897032359e-01
5.134354553917928055e-01
5.140612216945306123e-01
5.202893259104641732e-01
5.259775379382322091e-01
5.318517027231315364e-01
5.357746388298009199e-01
5.385182665204646391e-01
5.374423160238993580e-01
5.359754791821771391e-01
5.343928219194863383e-01
5.309706161060128160e-01
5.269460055077999083e-01
5.248192745857162000e-01
5.232421395969855116e-01
5.231367271246687434e-01
5.213056898608086076e-01
5.197739698353815996e-01
5.170149634158760499e-01
5.148477227584754568e-01
5.130219257972192803e-01
5.118480168766011973e-01
5.108992440915225419e-01
5.099684863222078146e-01
5.089774297405944559e-01
5.081107496379912991e-01
5.071971400665815644e-01
5.061770066102182497e-01
5.054153854153395908e-01
5.047769892610192155e-01
5.043695472957767656e-01
5.041115052201736724e-01
5.038552914187657272e-01
5.037015711114716243e-01
5.035724366790474971e-01
5.033262050235145502e-01
5.029892659771142416e-01
5.026778020493486432e-01
5.024252247305713848e-01
5.023423590841110675e-01
5.075951490823351619e-01
5.186968488406918931e-01
5.379074962903139800e-01
5.657856335073983001e-01
5.994713044044290839e-01
6.331965471728616679e-01
6.594098224223815530e-01
6.816347277484734457e-01
6.968197524948080979e-01
7.006574221681636239e-01
6.972070644175104581e-01
6.870542531878107706e-01
6.757314550292876643e-01
6.567157074291211094e-01
6.391704107507796273e-01
6.229773603053470055e-01
6.026978707015024916e-01
5.836686327474118752e-01
5.661196680918292312e-01
5.503056937104012780e-01
5.362312084334597273e-01
5.256706992726360994e-01
5.186623492590166640e-01
5.138710561314518976e-01
5.101872440945315335e-01
5.077140361503398314e-01
5.062419474960802024e-01
5.050218647754463053e-01
5.040605731862002337e-01
5.033662199202020293e-01
5.032702568790461406e-01
5.032481950131741932e-01
5.032772266292722119e-01
5.035163611364127378e-01
5.037439108267847132e-01
5.039201702276492334e-01
5.040609483501277133e-01
5.042151180422349555e-01
5.044694470135536735e-01
5.046908741834387202e-01
