1.051108886980386181e+00
9.440936081502795396e-01
9.635919554303800094e-01
1.050245586239998863e+00
1.030306014029610973e+00
8.586012576212037617e-01
8.957619554461105915e-01
1.010252059197975116e+00
1.119257296884043074e+00
7.763735686185044838e-01
1.080329433892760704e+00
6.949195086839135005e-01
9.547932170793494988e-01
7.698119275122321525e-01
8.326948272561367492e-01
7.947743047804337602e-01
6.773960197344186529e-01
5.400186369469616166e-01
7.217297282864278962e-01
7.006578754269252585e-01
2.084292164179248896e-01
6.878858757636052701e-01
4.219475955520975985e-01
5.585133334583067821e-01
4.028041205866853547e-01
7.233774984177128164e-01
6.762893996353285253e-01
4.293213408997897940e-01
5.162372921630623557e-01
5.109604308897721658e-01
5.279272194754692782e-01
6.313581269398265139e-01
5.107289674426924719e-01
4.421358697364778934e-01
4.090773049300707731e-01
4.792551277442024249e-01
6.095088232582717147e-01
7.161730733207687383e-01
6.175457823007779457e-01
5.380039062336183786e-01
6.825658777472902727e-01
8.560098182343054418e-01
5.210864934390946335e-01
4.915636664685030244e-01
5.774830762694449504e-01
5.546200729707686516e-01
5.827504677456664117e-01
7.403229477864730068e-01
6.182219856345076980e-01
6.533707659405753043e-01
5.254654040355541955e-01
5.222118547132199584e-01
5.993191615276487472e-01
6.893790653070164254e-01
4.638323798827527211e-01
5.066006114822896311e-01
7.011050689485167631e-01
5.553065357480190256e-01
5.280197028500710488e-01
4.441553771195849709e-01
4.964998414222484557e-01
5.072034924395966149e-01
5.879340445374193758e-01
5.194230527280790932e-01
4.863550932844740160e-01
4.614254452461944433e-01
5.508331521153921884e-01
4.017197282919364731e-01
4.333651483917116964e-01
4.456030779964780253e-01
6.653444568777018286e-01
6.316799424520651574e-01
5.699817476950883588e-01
6.046763269973964849e-01
6.728178328273279885e-01
4.604330225344949179e-01
3.928284455063787428e-01
1.922659402470864309e-01
6.734324785028759086e-01
2.240270212012411832e-01
7.649000168206052663e-01
8.369508084917229862e-01
6.561742879474197210e-01
4.837203452724182506e-01
5.496399324528203900e-01
4.758317478812132961e-01
6.203764193999981025e-01
5.002358981886219080e-01
7.041892546136225839e-01
4.330015540699154730e-01
6.150534123652328100e-01
4.233475947575767728e-01
3.493324215374948860e-01
4.923611148456213948e-01
6.837908351671373453e-01
4.636198952432114551e-01
4.629697875981644284e-01
6.862384125089580067e-01
4.241089800482408245e-01
6.894681307825769601e-01
4.948573426712772338e-01
4.910378724645809712e-01
4.243053904086795391e-01
7.445328478440425002e-01
5.566208815534618992e-01
6.531952376338298061e-01
5.448729293382532646e-01
6.985442768108568456e-01
5.270622490518009906e-01
6.668895052229544262e-01
5.738222535483243902e-01
7.057485589449100649e-01
6.361928992630380142e-01
3.769428125581174571e-01
5.067384304756951119e-01
5.998980108998817062e-01
7.188791926949644751e-01
7.402879073935357823e-01
7.151191474301494821e-01
6.333640028082478945e-01
4.310645286664701592e-01
4.722048418038717887e-01
5.085111012198242353e-01
6.961479315829663950e-01
4.917683418117163585e-01
6.720696618098079833e-01
5.664769831710262382e-01
5.575332650738897833e-01
5.039024219355794365e-01
4.647664527545348756e-01
5.616477246841911075e-01
6.938220857374113315e-01
7.033794129230848124e-01
7.746781836110467889e-01
6.799969419046936192e-01
6.209806465007863263e-01
4.100313246638674913e-01
4.360197210945979673e-01
5.722071073121939300e-01
4.952502295403231614e-01
7.314162677175525262e-01
5.260588305783957530e-01
6.048728682262564105e-01
6.082211583748091677e-01
5.340641099631595612e-01
6.364261521415870426e-01
6.644310984055317171e-01
8.631154488178489625e-01
5.574365135225465284e-01
6.384072739904395055e-01
6.167928079502678074e-01
6.423059413695347830e-01
6.783581744065565466e-01
3.554434979556172491e-01
3.807892765241511768e-01
5.602537010308219489e-01
7.030202714885063209e-01
5.696361029544204646e-01
5.895365900152824690e-01
4.361798183163723142e-01
8.616362930758920680e-01
5.230812482771722838e-01
5.047879253548166467e-01
6.389772483446978235e-01
3.851150482282009735e-01
4.162206574865957576e-01
2.878046945615991836e-01
7.240827941813475777e-01
7.680246971804571832e-01
6.000158617344575340e-01
4.992601245464753923e-01
5.316250563095978876e-01
4.606060883227037772e-01
7.964751139767555221e-01
4.337447723684045853e-01
5.428678818093533032e-01
5.070157250129265769e-01
7.087562010590315875e-01
3.800386804013442532e-01
6.587060821379774334e-01
5.609794335683336852e-01
4.811715297321743634e-01
6.154580177314838974e-01
5.463760980423104652e-01
7.600392768549565359e-01
4.828864030029899057e-01
4.669478275053495775e-01
6.331773563987107556e-01
5.966786550415394963e-01
5.264889887192194529e-01
4.747836374943844584e-01
4.289370787726377587e-01
5.939645202230885435e-01
5.103946249430180160e-01
3.987324321143350669e-01
2.669933460669835501e-01
7.462040390582741489e-01
2.149195441198819001e-01
7.382363035740744373e-01
5.093641825039116888e-01
