9.914582784593442000e-01
9.811692265691477344e-01
9.607629169590258256e-01
9.293598275359757910e-01
8.819374682364773399e-01
8.163576695566709951e-01
7.424009876070359892e-01
6.682129638829242824e-01
6.049533263045838716e-01
5.629815538080806814e-01
5.369486508115897117e-01
5.213655498542661970e-01
5.123829624792211046e-01
5.074286439481845434e-01
5.047247791364884995e-01
5.030254693029545532e-01
5.020234528143674435e-01
5.017975934443964503e-01
5.016187882267776343e-01
5.014980166287489327e-01
5.014039824983169691e-01
5.013015003774889955e-01
5.012129976606380932e-01
5.011673161123613163e-01
5.011349781870766407e-01
5.010834932638716932e-01
5.010793728635460909e-01
5.010768501846369904e-01
5.010739637940756497e-01
5.010553039691236776e-01
5.010303551865203930e-01
5.010575380459841854e-01
5.011072745234730341e-01
5.012091906490927506e-01
5.012571807377326216e-01
5.012724290536272331e-01
5.012682736155882335e-01
5.012551446400568267e-01
5.012636927536113784e-01
5.013040102125988495e-01
5.013892952241683076e-01
5.014825704304047838e-01
5.016522048073175366e-01
5.018632412731123260e-01
5.020862614548502467e-01
5.023074441937361856e-01
5.024702623559573755e-01
5.025076159412844579e-01
5.024998337047530406e-01
5.025705738430903402e-01
5.025729176839422996e-01
5.024175562058807998e-01
5.022382198357115968e-01
5.020124002939170271e-01
5.017906218515133521e-01
5.024379384453820929e-01
5.033237600419946389e-01
5.043620925705735170e-01
5.055724118137812084e-01
5.069339040750113767e-01
5.085293417532152915e-01
5.095304848026480649e-01
5.103934659793665229e-01
5.111527273847873420e-01
5.117795154696818116e-01
5.121438197850118890e-01
5.128276662345230275e-01
5.133667630391870462e-01
5.133694069054237641e-01
5.132217873882702897e-01
5.127604562596410620e-01
5.124516295333461091e-01
5.121902961904829521e-01
5.122099588028233841e-01
5.121625777969431859e-01
5.120829816089877973e-01
5.121606135878313815e-01
5.127125074315763698e-01
5.128222342136359302e-01
5.128765019577343764e-01
5.122375407705180850e-01
5.119167769330854600e-01
5.114752629198848766e-01
5.111594338534777293e-01
5.107082875182404891e-01
5.100652381886481290e-01
5.096807373042199218e-01
5.090290898520403173e-01
5.084561696634468664e-01
5.078560478745415274e-01
5.076169697557133542e-01
5.071533201152349513e-01
5.068994294421138580e-01
5.065728428567215502e-01
5.064624244136450848e-01
5.063464617298760739e-01
5.063210503877026980e-01
5.069711544654482704e-01
5.076154018643752597e-01
5.084305274438853939e-01
5.089479208752779593e-01
5.093647140870526391e-01
5.097720010843165284e-01
5.103008707883871509e-01
5.111697817514343489e-01
5.120143380571117175e-01
5.132286259428282538e-01
5.137522701370500489e-01
5.154315984136257356e-01
5.169519062788102692e-01
5.177987899172704633e-01
5.186843596518437849e-01
5.191681831499118660e-01
5.191494579811940513e-01
5.198836883134894116e-01
5.206604215674258684e-01
5.219099824038462287e-01
5.228036740893144962e-01
5.237553114983983793e-01
5.230904462940145772e-01
5.211681456684088554e-01
5.183805332493032214e-01
5.163101482447594037e-01
5.145300133040904278e-01
5.125171958590049037e-01
5.107179300396420540e-01
5.091543783095512365e-01
5.079063243416281903e-01
5.068382718497899120e-01
5.058126824878268479e-01
5.049489225982609630e-01
5.041809775813796968e-01
5.033740892037555925e-01
5.028417782059236840e-01
5.025991822727102765e-01
5.023376970325486024e-01
5.020472383386270776e-01
5.017871426534475932e-01
5.016125983537699229e-01
5.014760113077441073e-01
5.013441697492782012e-01
5.012471023042828211e-01
5.011509498831216991e-01
5.010569774476631988e-01
5.009639928707398937e-01
5.008875019030665232e-01
5.007946999088197515e-01
5.007339751972652575e-01
5.006534920483924900e-01
5.005874555076467169e-01
5.005354989323280712e-01
5.004820156495124461e-01
5.004383333815038970e-01
5.004144484170033325e-01
5.003925264382790283e-01
5.003722981298317496e-01
5.003717814836519118e-01
5.003695192306919504e-01
5.003602910840807549e-01
5.003834030632163810e-01
5.003935340037991564e-01
5.003996085437263375e-01
5.004135234672333343e-01
5.004396044966763490e-01
5.004702099093487622e-01
5.005008821001448727e-01
5.005345194419550392e-01
5.005580014404482636e-01
5.006007991676231228e-01
5.006375990188871583e-01
5.007127931674841825e-01
5.007666875115006633e-01
5.008225415760692023e-01
5.011247823822309044e-01
5.014621431437521482e-01
5.018213821533695773e-01
5.021811055983187444e-01
5.048048978100562190e-01
5.090582808137755766e-01
5.151718433785483775e-01
5.229353941396089889e-01
5.312578421318843169e-01
5.397634183681931930e-01
5.483520449565669752e-01
5.558254657743950666e-01
5.640635975232997090e-01
5.699138687764091493e-01
5.698078015023591014e-01
5.668813955195601828e-01
5.648380075512267062e-01
5.586919650995822995e-01
5.510043946097010759e-01
5.427275384567253891e-01
5.360369982337739314e-01
5.282967669596072557e-01
5.219977793595244053e-01
5.177754797041693724e-01
5.147315192688328711e-01
5.122484267081582887e-01
5.105314211884803832e-01
