9.962035590234660232e-01
9.957008296526717039e-01
9.950378878081720391e-01
9.933780294607640338e-01
9.926752155437000846e-01
9.909251175370989984e-01
9.902850220561414396e-01
9.889986260756622460e-01
9.867859690029571196e-01
9.819027665568382801e-01
9.753280372421467836e-01
9.705057186234987698e-01
9.679628871639140986e-01
9.666967617023223269e-01
9.667428012201519927e-01
9.674101567397994650e-01
9.610072130451018380e-01
9.545209619529594347e-01
9.425451885494134929e-01
9.237606093295237519e-01
9.096725101650323664e-01
8.966475687928311400e-01
8.777925206951493475e-01
8.539746072466561921e-01
8.226339328451256483e-01
7.865806384477997959e-01
7.422659371251059124e-01
6.953462903179671306e-01
6.477060475609994761e-01
6.051987772560903922e-01
5.706362234289571456e-01
5.449043144217833312e-01
5.272495117410616050e-01
5.159344742631797320e-01
5.091896677111593661e-01
5.055747391584681782e-01
5.033828370840809363e-01
5.021234313790841064e-01
5.013573307582392946e-01
5.008892791149304191e-01
5.005929088502769631e-01
5.004085834054777804e-01
5.002880988341564805e-01
5.002092897423848772e-01
5.001541049814257622e-01
5.001163388205465132e-01
5.000901593943121171e-01
5.000711674649287453e-01
5.000568244274427032e-01
5.000465583457283092e-01
5.000385780912341982e-01
5.000326504364878133e-01
5.000276816927078372e-01
5.000237829141523926e-01
5.000206700390397163e-01
5.000182502849290778e-01
5.000161090066721492e-01
5.000144720097164930e-01
5.000129640354697980e-01
5.000117676719194604e-01
5.000107961592360484e-01
5.000099848130670210e-01
5.000093335420920937e-01
5.000088301269656199e-01
5.000084038796437369e-01
5.000079676192381584e-01
5.000076057956981401e-01
5.000073146410795033e-01
5.000070179980157237e-01
5.000068010155708231e-01
5.000065840302988507e-01
5.000064031299924494e-01
5.000062304839506533e-01
5.000061343452611995e-01
5.000060403147716936e-01
5.000059107480190335e-01
5.000058412633929805e-01
5.000058018765378698e-01
5.000057203265964034e-01
5.000056798076282227e-01
5.000056285932643618e-01
5.000055563836980355e-01
5.000054844481915950e-01
5.000054152717847700e-01
5.000053877735606278e-01
5.000053467401244234e-01
5.000053202831988841e-01
5.000052163006643013e-01
5.000052518042448213e-01
5.000052546588875657e-01
5.000052055203365597e-01
5.000051863778778305e-01
5.000051087823305096e-01
5.000050794079804461e-01
5.000051090359511896e-01
5.000051330420549611e-01
5.000051162540266603e-01
5.000051289423548262e-01
5.000051330146373374e-01
5.000051810937313768e-01
5.000052002868407008e-01
5.000051917876060514e-01
5.000051371359823804e-01
5.000052283036318101e-01
5.000052102426391087e-01
5.000050927030610382e-01
5.000051435375425513e-01
5.000051321063860854e-01
5.000051769953266501e-01
5.000051357862214108e-01
5.000051584193239140e-01
5.000051038225221678e-01
5.000051722402628629e-01
5.000052575499973617e-01
5.000052516856726692e-01
5.000052554750241685e-01
5.000053113588865950e-01
5.000053156320297676e-01
5.000053388683731725e-01
5.000053594081377284e-01
5.000053656483162134e-01
5.000054622508596225e-01
5.000054206361249642e-01
5.000054156338987754e-01
5.000053889880645697e-01
5.000054362793386886e-01
5.000054164283829206e-01
5.000054058331396822e-01
5.000054146138278588e-01
5.000054002907919903e-01
5.000055105253096155e-01
5.000055434422366885e-01
5.000055292065672674e-01
5.000055207562755788e-01
5.000055694182866661e-01
5.000055475435654095e-01
5.000055422392920557e-01
5.000056169189012190e-01
5.000056015809378751e-01
5.000055862992792699e-01
5.000055440305143373e-01
5.000054816236536581e-01
5.000054223666140496e-01
5.000054501776780569e-01
5.000053527921135554e-01
5.000053466418399317e-01
5.000053332091578540e-01
5.000053934090082919e-01
5.000053699379769512e-01
5.000053671737667571e-01
5.000054174447594590e-01
5.000052782691213338e-01
5.000052877700476017e-01
5.000052441122520008e-01
5.000052130804046868e-01
5.000051508095406660e-01
5.000051506408134117e-01
5.000051001584182586e-01
5.000051036395003479e-01
5.000050725640043936e-01
5.000050345683941799e-01
5.000050347950057983e-01
5.000049971951536776e-01
5.000049889997342234e-01
5.000049089577398576e-01
5.000048643678094429e-01
5.000048208516840731e-01
5.000047958126190295e-01
5.000047445768015519e-01
5.000046743007655614e-01
5.000046701857713272e-01
5.000045687500751512e-01
5.000045897531943950e-01
5.000046138020068920e-01
5.000045754458636305e-01
5.000046404776196107e-01
5.000046704271154940e-01
5.000047010246471135e-01
5.000046782183868999e-01
5.000047818474477879e-01
5.000047627863661859e-01
5.000047886682068565e-01
5.000047448051101462e-01
5.000048541435173632e-01
5.000048668349048597e-01
5.000048852072449534e-01
5.000049923989364764e-01
5.000050452714766003e-01
5.000051077212042117e-01
5.000051789698538585e-01
5.000051826889198026e-01
5.000052412984725692e-01
5.000052598246380597e-01
5.000052398610466131e-01
5.000053319690478393e-01
5.000052795118927751e-01
5.000052465094968479e-01
5.000053598867905125e-01
5.000052099054067556e-01
5.000052077523929883e-01
