1.135110131216201745e+00
1.100185212130453616e+00
9.443617597407710784e-01
1.157666650377274786e+00
9.604727222790778729e-01
1.086322539744591920e+00
1.034283571734211371e+00
8.931423317693971686e-01
1.013678311960903633e+00
1.047768977403842561e+00
1.057112559204206326e+00
1.048686547145682546e+00
8.540327988496465572e-01
1.056337994389656920e+00
9.911185096803721839e-01
1.144385683944029841e+00
9.720375173128653623e-01
9.382553779822045970e-01
8.809698840782221874e-01
1.092587915469202864e+00
9.118771916202585981e-01
8.874257075632999703e-01
9.011204026328977212e-01
8.575159045906178834e-01
9.533075232351310158e-01
8.457744334498665806e-01
8.956639495848377486e-01
1.037470689778430266e+00
6.737511823940798283e-01
7.058211551266917461e-01
6.928997237240946960e-01
6.506393960198659787e-01
6.927207543852693661e-01
6.340034237078521206e-01
6.130590058799114672e-01
4.783082207790357865e-01
5.785593204211312290e-01
4.373168109730309894e-01
7.815237214119777898e-01
5.771314871179272776e-01
5.833645721675356777e-01
6.806351553489886630e-01
5.856918351658568778e-01
5.911851086805862687e-01
5.672518783027564737e-01
7.051349270281273007e-01
5.925670173367819649e-01
4.738985195820742957e-01
4.916266667290919434e-01
4.222560975458594656e-01
5.028814130054142240e-01
5.611929776879526210e-01
6.733606899006405744e-01
4.283587713067344982e-01
6.364261238898283324e-02
4.981842319756699666e-01
5.093336826543255480e-01
4.578297527317987115e-01
5.997052824300457274e-01
4.014291079026616194e-01
3.125687280589919403e-01
4.737240888845835052e-01
5.322803546648982032e-01
3.839422292809537840e-01
4.879337524117113301e-01
5.766562956669478712e-01
4.477245886739334990e-01
5.392830428182900926e-01
3.734914685192441963e-01
5.270032038075920244e-01
6.821952922753845572e-01
6.207665633444829911e-01
4.284393088922692217e-01
6.180833304543786877e-01
5.268377166319702098e-01
5.277408053305905344e-01
5.873535000676297635e-01
7.778380090242121847e-01
5.673196998290548354e-01
4.314950237759515028e-01
4.353608936430444221e-01
5.778021536882645970e-01
2.744353547917173231e-01
5.454457674293438085e-01
4.883499177592599549e-01
4.547179835904584522e-01
3.368739527532921274e-01
6.891941259463167935e-01
5.891744751018392900e-01
4.378908431969426029e-01
3.837474401788510958e-01
3.172407248630286780e-01
4.153986383105153779e-01
4.553218879430067645e-01
5.894052079818883350e-01
4.151750714777177054e-01
2.429242788344216919e-01
5.691787179441152311e-01
8.217285605802961967e-01
5.468647361768902426e-01
6.085984152258339108e-01
2.954646231855523331e-01
6.285669174049655084e-01
6.906696826779030740e-01
4.171124531588797923e-01
7.907438822400956191e-01
5.576961947938602338e-01
4.864108356227777596e-01
4.976772587957853933e-01
4.550261576713388045e-01
6.803465688622001295e-01
4.754626345170699375e-01
6.150447345860554638e-01
3.249905134436539278e-01
6.390826282002690650e-01
6.507769809124268612e-01
6.702324667607579833e-01
4.242351654906603153e-01
5.684062793013013870e-01
5.191918076004188309e-01
3.630947754017092022e-01
4.365325064599009375e-01
3.026378326552102704e-01
4.772487482359568656e-01
6.910302552309486313e-01
2.962958225429441761e-01
5.278173676852675467e-01
2.233015463412761914e-01
6.098967590662294214e-01
4.163742083992980625e-01
5.891397432738649798e-01
3.960938623913203838e-01
5.685023371798937353e-01
3.416392393884521983e-01
3.747257001758323991e-01
5.684100930333987334e-01
5.090090798205559874e-01
3.049909709377546241e-01
6.396591519005541127e-01
5.592827247401063184e-01
5.369612812403448121e-01
5.659244775988054865e-01
4.369736847157552617e-01
5.000241156024078926e-01
6.185705975301115656e-01
6.297664725666340946e-01
2.436058696370048127e-01
3.661147037015214378e-01
5.381200125139855572e-01
5.276645604993286387e-01
9.135130507611451955e-01
5.257050921440731273e-01
5.257498904487550861e-01
5.081818419967542022e-01
3.038636423872662640e-01
6.186322433557344125e-01
6.070887910778699492e-01
5.585326587933268083e-01
5.255340052867840672e-01
7.704371853381707380e-01
6.386561973067159670e-01
2.946795130376032024e-01
7.197476832508010736e-01
3.757626608964060866e-01
1.305199861153123475e-01
5.772929079638982053e-01
3.942631261011765309e-01
4.560402905097543647e-01
3.450532101272274499e-01
4.060349976637046554e-01
4.055900679730611857e-01
5.788324102948928518e-01
3.941296183026740119e-01
4.250081143227018021e-01
4.574052205249089509e-01
5.677905945857857350e-01
4.670425748251877396e-01
3.834684313119123278e-01
3.647683906828980138e-01
6.292783962637492623e-01
2.842243741224010911e-01
5.265015762101276087e-01
3.534221016038329166e-01
4.965335490026179244e-01
5.051367204278260914e-01
6.585373104850724690e-01
5.777097907357902073e-01
3.672302698569304136e-01
3.861472529514776708e-01
5.458169259774066084e-01
5.881252663585005980e-01
2.828207870125186707e-01
3.025698002666146191e-01
5.876457962238814670e-01
1.739995175876889455e-01
4.553290234729250319e-01
5.566965107977441818e-01
4.252258046105666933e-01
7.618752588680173243e-01
5.965413558031766872e-01
