9.646550566846759933e-01
1.045609745655081690e+00
1.112282520283034870e+00
1.101827916972347943e+00
1.157168294360638283e+00
8.943003054441425181e-01
1.021275606759557197e+00
1.137844250575027694e+00
9.618326381319031171e-01
9.426658401037376622e-01
1.075017954091627148e+00
1.046716829190547093e+00
1.082319625779377237e+00
9.510335926389454908e-01
1.137620187226153989e+00
1.163218955310757918e+00
9.738227974860117486e-01
1.054895829136189178e+00
8.816624846215034284e-01
1.059463243952236677e+00
6.735927649616451074e-01
7.517154858293020325e-01
7.357583761009998113e-01
8.676530273571098073e-01
6.495411176844865242e-01
4.653064735316183587e-01
5.524302117739525730e-01
5.551007083259722474e-01
3.966074086960394984e-01
6.784909979513531475e-01
5.195519670121478972e-01
3.832851348811743275e-01
5.511533705403168781e-01
5.869334945813677873e-01
4.801419675031276535e-01
3.322085191555786965e-01
4.098211149624804150e-01
7.207976435995993025e-01
5.870534668378188936e-01
6.283696907517504204e-01
4.642328935568166282e-01
5.276711366832165240e-01
7.209544269643464176e-01
6.376527129348890099e-01
4.164465490806849024e-01
5.782032110066930297e-01
7.001841796046154309e-01
7.004474821727728617e-01
3.451413530788275397e-01
5.882498734351752079e-01
1.822563784538608900e-01
6.288132058825457449e-01
3.550984705150463938e-01
6.076332430475115398e-01
5.887652089394146415e-01
4.868142222557648724e-01
5.277060220769993482e-01
4.964100292416011584e-01
3.749973223668342515e-01
6.084147960228529772e-01
5.876885012024533061e-01
4.053850597494004226e-01
4.665771424113769328e-01
5.682218471500057877e-01
5.776692441006521239e-01
3.747080025205311582e-01
4.062561367317849559e-01
6.081965431959071022e-01
5.067478838025936128e-01
6.392064493038316364e-01
3.649078995683379123e-01
5.784899799927141206e-01
5.275310432929816162e-01
5.984505264185489004e-01
4.663699593553526368e-01
5.474070050738109039e-01
4.459805778603677107e-01
5.071157447815127783e-01
3.747146631353374113e-01
4.963932472462067036e-01
4.053148183924124570e-01
5.176343316002933737e-01
5.880433517372145591e-01
6.897191995331903858e-01
5.988995085640232974e-01
2.632772303751755860e-01
3.953289578785290637e-01
2.639218124874527227e-01
2.738995590878882114e-01
4.969999990747782093e-01
6.085091903519528334e-01
4.662810890877653325e-01
5.883737218597799856e-01
2.938477188681770658e-01
3.244938881066262715e-01
5.781942186994621924e-01
2.124758621812392612e-01
6.189980996171795535e-01
6.288732937779418775e-01
7.710401816416478926e-01
6.797387918598265522e-01
6.895303960807204202e-01
5.577056703298124418e-01
5.582921364251254293e-01
5.882158681002926937e-01
6.801631283797009431e-01
5.675696682728833542e-01
4.969584045718571375e-01
4.665128167461728426e-01
3.340094550067124191e-01
5.785362578933099797e-01
5.371986086448504727e-01
4.462016177529418703e-01
4.162998814036690254e-01
5.882040450842578316e-01
6.188004060292090491e-01
6.391534685453811315e-01
5.581789547127373741e-01
3.441693438244803893e-01
7.609782203010584389e-01
5.375573045965611474e-01
3.850776550333403492e-01
8.422822383986282579e-01
5.071903722268673587e-01
5.572834626435960725e-01
5.171095351741776813e-01
7.607790177932095554e-01
2.434261168252376262e-01
4.667275742878100875e-01
5.884919166900000054e-01
4.765299281033751333e-01
6.186607502115373247e-01
7.298629527764557423e-01
3.241783452896110918e-01
6.085629494262199124e-01
4.864900423728250045e-01
5.883206993664713558e-01
6.793050300104831463e-01
3.344187398338134276e-01
6.394273767246824169e-01
4.161155839818491131e-01
6.287931294323396703e-01
4.970247694715271836e-01
3.548267199267791661e-01
4.770757993103158512e-01
4.462497419015093447e-01
5.681699254290137890e-01
3.853032289276305811e-01
5.879639315065614547e-01
4.458656697787126699e-01
5.272701681834863763e-01
4.767197107412725066e-01
6.390238115207470537e-01
5.779572360514079188e-01
6.491744053619386001e-01
4.663518413552880659e-01
4.261322240121498961e-01
5.681210043337111548e-01
5.172363654209684025e-01
6.998491373871955634e-01
5.679151251504506170e-01
4.258589705907988021e-01
6.595473140251142397e-01
3.646589104888362520e-01
3.340457401528159620e-01
4.360333565701336456e-01
6.494749693491896902e-01
5.375480036055549915e-01
2.840878909002014785e-01
5.984813168866165434e-01
6.187949162578550988e-01
5.275589680362191558e-01
4.867847994245021459e-01
6.493640286452706523e-01
5.172717247514982963e-01
4.255465608828484791e-01
2.733567636090817876e-01
3.952429735957082579e-01
4.561921392085429572e-01
5.274813164242733166e-01
6.389636909447431456e-01
2.935789993189557023e-01
4.662698277767060029e-01
3.342861126049035958e-01
6.391750419357136170e-01
2.835031677967425612e-01
4.156977445838007101e-01
4.159010000195128010e-01
4.358083527853185979e-01
5.273848890787666832e-01
4.972123551159007837e-01
6.798175632704196447e-01
5.371885920756063193e-01
5.475820699516629197e-01
2.432734506463867241e-01
6.390835138769863644e-01
6.390705203695652425e-01
6.388028248565467138e-01
6.087192995747626734e-01
4.767004285002149899e-01
