1.031668715074795628e+00
1.095990447243608168e+00
1.116586785866170883e+00
7.618042323472080657e-01
1.048846050766315985e+00
7.609224765194173568e-01
6.684927811962821931e-01
6.940773912040008042e-01
6.963517178311979805e-01
6.502653180301882774e-01
4.296189235126289807e-01
4.667032036386183913e-01
4.956657825424380936e-01
3.404522726131768984e-01
5.300286389258426212e-01
3.271930093006076845e-01
5.629252282938070895e-01
7.158867829628174917e-01
4.094756934856389474e-01
4.570244442814083152e-01
6.335418402587156272e-01
6.154515285164909866e-01
5.130728158190119848e-01
6.172752980695008773e-01
4.264443866132091587e-01
8.459395218371112968e-01
4.449706220817354341e-01
3.241276962331193223e-01
5.635333733267409162e-01
3.442852414765289470e-01
5.464234719631976267e-01
5.593570003813036484e-01
4.277139491255905757e-01
5.390004038839941725e-01
6.915097719713425573e-01
4.067770711014372376e-01
3.858656294921162244e-01
5.247609709202911699e-01
3.729611861099980663e-01
3.116233008068033383e-01
5.047671308602073026e-01
5.269937132074233865e-01
5.076092989087074292e-01
4.672902296212735340e-01
3.765647058499542732e-01
5.779540961439695312e-01
5.390029278207646435e-01
1.919188283340074186e-01
3.142812274548986151e-01
4.368599507518672320e-01
6.518078124626597303e-01
3.346892228434745764e-01
4.362915430425740038e-01
3.660665884116620639e-01
1.400914385625986469e-01
6.083487352481740107e-01
1.826304482320050271e-01
5.369204809105965204e-01
5.576156416117250547e-01
5.477263249784471988e-01
4.771342691259529145e-01
5.174708793307853938e-01
6.891590717617248618e-01
5.374777167755042662e-01
6.589988224718283938e-01
8.097953554138404009e-02
5.481145529973703301e-01
4.251378385234002577e-01
6.081709445722968121e-01
5.680016270607146645e-01
5.876064542086523179e-01
2.839297140290354404e-01
3.756874525947789811e-01
5.776638885227984854e-01
4.065414675493437269e-01
4.845819872204406575e-01
4.454755338886782212e-01
5.170659080374822025e-01
3.142950920514350210e-01
5.168102594595952448e-01
6.390572994403009854e-01
5.970282571342246936e-01
4.359228239583432529e-01
3.852701576313887211e-01
4.979962184081351273e-01
6.393333259480172837e-01
7.211674061323469775e-01
6.192768903603462771e-01
6.600121677393914199e-01
4.771496349846382490e-01
3.850837044621809868e-01
5.877956301197604372e-01
4.878150353493463376e-01
6.896957693469490946e-01
5.785161188027410084e-01
5.582081962427560828e-01
5.163112111357750500e-01
3.150452963024588104e-01
5.265421775927274783e-01
7.607803790088016882e-01
5.070566742059867682e-01
5.580860335103441372e-01
4.873247575945590659e-01
5.664937955350384247e-01
2.627542512282556864e-01
5.281958154504080571e-01
3.645426001402267691e-01
4.864093851643255251e-01
5.569586388452616443e-01
4.972636546983104644e-01
3.346851464333631121e-01
7.605474522147279703e-01
4.466620046226335017e-01
3.850130192679475094e-01
5.888221942949598553e-01
7.205243511757251085e-01
1.420715746984935191e-01
4.559545400175020191e-01
3.548309310963386753e-01
3.754981640164597456e-01
5.882285924238834784e-01
6.191851068558968940e-01
6.698185354041330530e-01
6.597545365726894540e-01
3.948668882978979555e-01
6.899026110577899384e-01
2.842501182105786617e-01
3.958265300466945469e-01
4.863711348494141884e-01
3.652182679267691467e-01
6.905267709357391093e-01
6.073387088489273777e-01
6.183198173720907409e-01
3.844524905864112885e-01
4.053169138667357396e-01
5.371146884908293284e-01
6.402491461410900753e-01
7.303866409514924163e-01
7.304933145555436713e-01
5.688732926480626340e-01
6.287403560666566804e-01
3.139401449126403287e-01
5.372510495322769808e-01
6.696972498476994051e-01
6.902609040214642278e-01
4.657626766869029655e-01
4.964187217678417419e-01
5.881380898754338116e-01
6.497638912618661777e-01
6.489022075769547149e-01
6.093754523398782208e-01
5.569983778426348398e-01
4.963744990578948801e-01
4.971639840436363755e-01
4.664892472289825509e-01
6.077819115680028750e-01
3.642251576388022549e-01
4.259225768196214235e-01
5.067262423118967796e-01
3.958265017502471395e-01
7.810237281110772312e-01
6.178118035041284539e-01
4.555222635293354472e-01
4.857678696445006938e-01
5.583566746205179676e-01
4.364350841561744909e-01
4.663838914654966361e-01
4.471523451388236259e-01
4.556944001351940221e-01
6.896792349912305164e-01
5.065872439885513723e-01
4.971377386588428093e-01
5.679622715577590242e-01
4.369531327730143966e-01
4.574272118340665383e-01
5.778446307766738066e-01
4.457498701967266275e-01
8.992586914850420055e-02
6.391944430151932366e-01
3.963202915476009558e-01
3.449564583234557835e-01
5.273416177677794359e-01
4.874540167740558649e-01
3.331652529218931402e-01
4.562265680915886801e-01
4.864883486487526776e-01
4.759479559692774142e-01
6.095175858862993401e-01
3.140320165199986802e-01
3.235573015085276838e-01
5.685592560430985376e-01
5.064228664471299712e-01
4.148081292656116137e-01
5.470905764568986251e-01
6.392539094641374042e-01
7.123831509001343765e-02
6.072163040159728187e-01
3.338193756766925091e-01
4.356307342676634109e-01
5.068630582590916145e-01
