7.799800537669512313e-01
7.244228558990242206e-01
1.092635391237056108e+00
1.097686001218457497e+00
9.323846931891747181e-01
5.895375716568794777e-01
7.029864611214448056e-01
6.199245793362722079e-01
6.612564028531429106e-01
4.438520809370295472e-01
4.988878691707278046e-01
1.764851811203758114e-01
5.203926203983146870e-01
4.650816073813214269e-01
6.617235960707203990e-01
5.607722887965419512e-01
3.187587406802856460e-01
4.552393383160316942e-01
5.865431818209396742e-01
5.171504160105019343e-01
5.654356235765838345e-01
4.980455852004553874e-01
7.240272750343479391e-01
3.325498645111117924e-01
1.530625083900407635e-01
5.870067271467553915e-01
4.214324220675811361e-01
6.271084396856000387e-01
5.111492354299553842e-01
5.776944242717148015e-01
5.621267771982141337e-01
5.827294889807118627e-01
4.979957894741164903e-01
7.802415969994866973e-01
4.879295652825612617e-01
4.778759291305821888e-01
1.798310420191103765e-01
6.291577765799281075e-01
5.884945052883140404e-01
3.047800203950937759e-01
5.079771685291138983e-01
6.510476296964906595e-01
4.856684361025789265e-01
4.127920302365438721e-01
4.366633631408398664e-01
5.062103824194772450e-01
2.119474965717113024e-01
3.843567801814271601e-01
2.416110351804263701e-01
3.950188072334305245e-01
5.376010601745899731e-01
4.154393355524842457e-01
6.389611653879541109e-01
3.844035678716414273e-01
4.142959306758610127e-01
6.008948389075374763e-01
5.281438662489810199e-01
4.364786663880065865e-01
6.289233608663762354e-01
5.377645678987332811e-01
5.678299093319414403e-01
6.521706976889569685e-01
5.581534389124706008e-01
5.586607268776868640e-01
5.472500779444511299e-01
3.728965386471059240e-01
4.258054852457741069e-01
5.892449278546531000e-01
5.889365530347265842e-01
4.542883027361130921e-01
3.560806617632600313e-01
4.749461536235650705e-01
4.085826563528364153e-01
5.573763176484826110e-01
5.368192172859799216e-01
6.186283590809509292e-01
4.446946902546974334e-01
3.944412964010353129e-01
4.166839016714293242e-01
4.557451332920369191e-01
5.601798929104040425e-01
4.589665492920245171e-01
2.710510267004838658e-01
3.976660238319678076e-01
3.749717677074402289e-01
5.143838045477201470e-01
4.553854618562391821e-01
6.788610091031728189e-01
6.599479487003530043e-01
6.404601830497936854e-01
5.270604556004739871e-01
1.916517253368293927e-01
6.304102079787741175e-01
4.855989370686419893e-01
6.183792702530268581e-01
5.059030494587629656e-01
3.150701284000705371e-01
5.890682015552279882e-01
5.577026535150775288e-01
4.348974020410080188e-01
3.546068346502144752e-01
5.281859800592352272e-01
5.986631283585549523e-01
5.875676110335588120e-01
5.055767032964220142e-01
2.340329800196707666e-01
5.403060235928045518e-01
4.353579173789765555e-01
1.503759018279150483e-01
3.140987371294263752e-01
5.297834164461403539e-01
4.663885766183938353e-01
4.550847902960514224e-01
4.253547619295643401e-01
3.761881307889587411e-01
5.179723690756767862e-01
4.067390778470297841e-01
6.084613238339192653e-01
1.410846061379718019e-01
3.123333527272604826e-01
6.079900597841291221e-01
4.982493116946118406e-01
6.383560191663525396e-01
3.849185263327312700e-01
2.519121722684342091e-01
4.770156351419857499e-01
5.886515983778972672e-01
4.878792095395985129e-01
4.248091152453311592e-01
6.275232805131685243e-01
6.993687837631226145e-01
4.666626303976653123e-01
4.068884529946178441e-01
4.969143863194399602e-01
5.069986978695464330e-01
3.828847252742136886e-01
7.107529179678118147e-01
4.459340300732133056e-01
5.783922596724992982e-01
4.768177187756236224e-01
6.998948421527606545e-01
4.869658518517483436e-01
4.584688385925410614e-01
5.198864496007633562e-01
4.967044221369708579e-01
5.279817614721326047e-01
5.271504670267472825e-01
7.103960897558807552e-01
5.380015651784402220e-01
5.271166387274185405e-01
7.099968520908815917e-01
4.973422300290317732e-01
2.243396551879860423e-01
5.468521479465042745e-01
3.742536607964914719e-01
6.591070144838564460e-01
3.733174634196028130e-01
8.319240516540362673e-01
4.872064473438618704e-01
6.908894952658440891e-01
5.882434864632912763e-01
4.873339115421297940e-01
4.661388419897747326e-01
7.504384797239060934e-01
5.978034694508151947e-01
7.307640288705241627e-01
5.480126759421970473e-01
4.064385617041335053e-01
5.463825423795982683e-01
6.797264334856853996e-01
6.784315617470765281e-01
7.508309560930536142e-01
4.977498456502619240e-01
2.629181048936146681e-01
5.762903189787327296e-01
5.979482734410248579e-01
5.182181648641335237e-01
5.073083400927199671e-01
6.711806672390174811e-01
6.194325566649107051e-01
4.466164262102551019e-01
6.503807994261334713e-01
5.074749128599034265e-01
5.582059177471683231e-01
3.852969185037702360e-01
4.455677357571320440e-01
5.488755708336869876e-01
3.552089962436736359e-01
4.049288469697158721e-01
5.690613969821060047e-01
6.186637691366818625e-01
5.179211452896663737e-01
6.493035854811670671e-01
4.662562818590572089e-01
5.680918482343837450e-01
6.075272797266670910e-01
4.359732170025837350e-01
6.688790644457096590e-01
5.077468687801346414e-01
5.274874503352066091e-01
