9.981515387676497264e-01
9.980571777120429422e-01
9.974785073825599424e-01
9.962853472479109573e-01
9.943205989600845118e-01
9.908114533392803347e-01
9.877927413475283691e-01
9.844487730968330963e-01
9.818205274780522629e-01
9.830821171923248558e-01
9.816127958649171203e-01
9.790041133004837581e-01
9.766068694615517298e-01
9.720468075205437319e-01
9.690661521659754696e-01
9.663768289449731208e-01
9.593035084655574529e-01
9.481408172741239149e-01
9.270737333855303408e-01
8.910889877663337177e-01
8.340828048473727385e-01
7.611016958554535083e-01
6.788841697797103336e-01
6.094674037808068823e-01
5.601519805628900617e-01
5.313567590500856141e-01
5.165711650872432115e-01
5.091548894871728015e-01
5.051425399457516452e-01
5.030042560192029555e-01
5.017896159437811310e-01
5.010918768106811250e-01
5.006808988754674061e-01
5.004450799459216892e-01
5.003031147098523368e-01
5.002109838780397499e-01
5.001561961526390654e-01
5.001119944184457822e-01
5.000831270158019315e-01
5.000650824716172949e-01
5.000523347153393861e-01
5.000426149213954563e-01
5.000346105641408911e-01
5.000281610246712916e-01
5.000234821607835167e-01
5.000199913663082585e-01
5.000173121512642149e-01
5.000156344184515378e-01
5.000144869710890783e-01
5.000135894115533830e-01
5.000129653390308349e-01
5.000127653161787755e-01
5.000127171854733543e-01
5.000123933258240339e-01
5.000125308054604867e-01
5.000129833292966675e-01
5.000139192376714670e-01
5.000152568146047916e-01
5.000159312725200866e-01
5.000164370056465746e-01
5.000171786491451886e-01
5.000189473802036932e-01
5.000196171243944665e-01
5.000221196187057959e-01
5.000248687539825543e-01
5.000280987695175927e-01
5.000338619302040488e-01
5.000392604084071824e-01
5.000435664463280805e-01
5.000505417835052757e-01
5.000602923201175054e-01
5.000678968575000827e-01
5.000768351766102793e-01
5.000841614631409415e-01
5.000920824992697300e-01
5.000858246377328786e-01
5.000866234315120007e-01
5.000870326091126916e-01
5.000817550789641297e-01
5.000803648000466950e-01
5.000849521225676497e-01
5.000877054804986344e-01
5.000893574607696568e-01
5.000883314874183805e-01
5.000847190598416425e-01
5.000789561084868495e-01
5.000725282139324435e-01
5.000708887766300847e-01
5.000681283557195655e-01
5.000612078868691412e-01
5.000525264390545122e-01
5.000446901233284169e-01
5.000358514937899290e-01
5.000288868990703239e-01
5.000240287507689008e-01
5.000212791432459003e-01
5.000186220362208278e-01
5.000158590377579149e-01
5.000141108462623496e-01
5.000126104366631186e-01
5.000115227307004862e-01
5.000110204909573586e-01
5.000105570556672152e-01
5.000102274196220886e-01
5.000105796422250615e-01
5.000104872956826485e-01
5.000104966818439411e-01
5.000105100994162166e-01
5.000107206564333717e-01
5.000104824286800698e-01
5.000102055017806579e-01
5.000098441709890373e-01
5.000093870713655519e-01
5.000095866296128122e-01
5.000094270934936080e-01
5.000090046399121579e-01
5.000085417471256122e-01
5.000081706725697517e-01
5.000075407226942659e-01
5.000070336024142748e-01
5.000068932672011579e-01
5.000067831725659717e-01
5.000064941703411536e-01
5.000059267582533939e-01
5.000055133986537337e-01
5.000050267190832010e-01
5.000046147641410421e-01
5.000042733952205776e-01
5.000041520891351787e-01
5.000041410989993773e-01
5.000040616578381725e-01
5.000037714528670074e-01
5.000037364498108872e-01
5.000037115856926784e-01
5.000036742462473649e-01
5.000038649832491133e-01
5.000040519185358079e-01
5.000042950207405079e-01
5.000044001386196868e-01
5.000044502180109873e-01
5.000045551099354668e-01
5.000046284397949847e-01
5.000050641763689185e-01
5.000053817697516223e-01
5.000058619514984315e-01
5.000060723519705874e-01
5.000066900931976477e-01
5.000068988619972288e-01
5.000079179720700040e-01
5.000087552259540047e-01
5.000098654449072200e-01
5.000107173623682399e-01
5.000118103166748540e-01
5.000129543145379607e-01
5.000146837430370361e-01
5.000162996091286338e-01
5.000173863970704957e-01
5.000174667204371204e-01
5.000170701362071091e-01
5.000156882533381975e-01
5.000146806253199516e-01
5.000145734779632978e-01
5.000144101844206102e-01
5.000148353204459939e-01
5.000150222017186730e-01
5.000146997382906022e-01
5.000154597351574859e-01
5.000157538847700422e-01
5.000160557248500837e-01
5.000171213590181019e-01
5.000175263315811414e-01
5.000177896987612058e-01
5.000175099650805421e-01
5.000164162968232517e-01
5.000171089627493126e-01
5.000173379304048149e-01
5.000169830929160897e-01
5.000165935806657469e-01
5.000164680136178763e-01
5.000163233204004687e-01
5.000157956076201060e-01
5.000159254952158960e-01
5.000158108567998028e-01
5.000157389393744545e-01
5.000152302011158234e-01
5.000153785395227146e-01
5.000156132933595288e-01
5.000152380787800110e-01
5.000146050197670222e-01
5.000139454380062576e-01
5.000136596835043079e-01
5.000130794106426579e-01
5.000117921453313130e-01
5.000107647730068772e-01
5.000095108208366668e-01
5.000079769947713970e-01
5.000070953167462529e-01
5.000062640092776123e-01
5.000056711280805866e-01
5.000053789467809873e-01
