9.822512341508732314e-01
9.832973487727236783e-01
9.862006426218831168e-01
9.836701195767681982e-01
9.798434262408709516e-01
9.762430394424952418e-01
9.721006170914662237e-01
9.670003298091961463e-01
9.593399986418345016e-01
9.472011267203662710e-01
9.316241715839099768e-01
9.145679101277531808e-01
8.967970097544566421e-01
8.694478550276768525e-01
8.341664947547503539e-01
7.900428035564301954e-01
7.398720319654836786e-01
6.869933354612209886e-01
6.382700607080811217e-01
5.972064218904695743e-01
5.662246755337767556e-01
5.429798864622590315e-01
5.269350593439741104e-01
5.164365385322742252e-01
5.097614319956578210e-01
5.056817038274233900e-01
5.032407579643211060e-01
5.018739286081830286e-01
5.011104773229200227e-01
5.006741771045163381e-01
5.004147170891523055e-01
5.002616498954669533e-01
5.001726155900589887e-01
5.001172404359746082e-01
5.000814037607257401e-01
5.000583353028018596e-01
5.000422668626460787e-01
5.000314034204900171e-01
5.000237710666370905e-01
5.000181159698442457e-01
5.000141203853569749e-01
5.000112556283156096e-01
5.000090754186583553e-01
5.000075769307663620e-01
5.000063831018870530e-01
5.000054473135939759e-01
5.000046908134763157e-01
5.000040682802300296e-01
5.000036446249378486e-01
5.000032069133464319e-01
5.000028405060898962e-01
5.000026028127049216e-01
5.000023507082254071e-01
5.000021361509876527e-01
5.000019943097626651e-01
5.000018480814798494e-01
5.000017723687153470e-01
5.000015868743435954e-01
5.000015487277620352e-01
5.000014446282315950e-01
5.000014202298391774e-01
5.000012726978420030e-01
5.000012524748955745e-01
5.000011826510031288e-01
5.000011556305530291e-01
5.000011037603186992e-01
5.000011078290693689e-01
5.000010599416153667e-01
5.000010385834610105e-01
5.000010300218333814e-01
5.000010161907424422e-01
5.000009788172177227e-01
5.000009459099035158e-01
5.000009270109477821e-01
5.000009463136565468e-01
5.000008856243988165e-01
5.000009284324758996e-01
5.000008930352917158e-01
5.000008473698330791e-01
5.000009444851025719e-01
5.000009264328434400e-01
5.000008954874386458e-01
5.000008784757717928e-01
5.000007981270042645e-01
5.000008499804857731e-01
5.000008049261721599e-01
5.000008927573758033e-01
5.000008383835761183e-01
5.000008529489063935e-01
5.000008471130623633e-01
5.000008019293247230e-01
5.000008186713085223e-01
5.000008003535129086e-01
5.000008386649495984e-01
5.000008325154340350e-01
5.000008567730646059e-01
5.000008009612082471e-01
5.000008175041144032e-01
5.000008542036680215e-01
5.000008224991729922e-01
5.000007986218513167e-01
5.000008097289807552e-01
5.000008607320634013e-01
5.000008532438862119e-01
5.000008832362681233e-01
5.000009081553216106e-01
5.000008390853931672e-01
5.000008977795253884e-01
5.000008849155843649e-01
5.000009002634779876e-01
5.000009018601883071e-01
5.000008948705225720e-01
5.000008898897867482e-01
5.000008771921786721e-01
5.000009191221848059e-01
5.000009072851894221e-01
5.000009195888248659e-01
5.000009672832611551e-01
5.000008958042162499e-01
5.000009852313241909e-01
5.000009678389286671e-01
5.000009198699042479e-01
5.000009154929361266e-01
5.000009744161779679e-01
5.000009783590737555e-01
5.000009646992538137e-01
5.000008509342406260e-01
5.000008916750555699e-01
5.000009131210811919e-01
5.000008497656802664e-01
5.000008826076920432e-01
5.000008499088404168e-01
5.000008755425755513e-01
5.000008879285611219e-01
5.000009016574862297e-01
5.000008455866048473e-01
5.000008757183778130e-01
5.000008302619193268e-01
5.000008182790546263e-01
5.000008274984049095e-01
5.000008131215697427e-01
5.000008662199491027e-01
5.000008024431958908e-01
5.000008048567519126e-01
5.000008569860940888e-01
5.000007635442407228e-01
5.000007860429867002e-01
5.000007833513797628e-01
5.000007923523166475e-01
5.000007769250909284e-01
5.000006612518372862e-01
5.000007346081360993e-01
5.000007309615099871e-01
5.000007025844492858e-01
5.000007321574726493e-01
5.000007281832437034e-01
5.000006839269683923e-01
5.000006870102833290e-01
5.000006972991961618e-01
5.000006911467504978e-01
5.000006692400429387e-01
5.000006001543724210e-01
5.000007326453523859e-01
5.000007130476475936e-01
5.000007460477853272e-01
5.000006888635759594e-01
5.000006961286942442e-01
5.000006566243211381e-01
5.000006368791183320e-01
5.000006845062809901e-01
5.000006811150505825e-01
5.000006423480467532e-01
5.000006698233363522e-01
5.000006278813629024e-01
5.000006146245752348e-01
5.000006530401535088e-01
5.000007559761954212e-01
5.000006603871423039e-01
5.000006902469564807e-01
5.000007228356651012e-01
5.000006901413733829e-01
5.000007223306948134e-01
5.000006593206478556e-01
5.000006777553807069e-01
5.000006928991478361e-01
5.000006806582391050e-01
5.000007107707045151e-01
5.000006737885023256e-01
5.000006697363661434e-01
5.000007139802618017e-01
5.000006911957421973e-01
5.000006542917231345e-01
5.000006228236683059e-01
5.000006896330827511e-01
5.000006237054287483e-01
5.000006144680285702e-01
5.000005926957379332e-01
5.000005964119917934e-01
5.000005811266117206e-01
5.000006167145125691e-01
