9.476405839827083399e-01
9.273408507557436842e-01
8.993467046144166810e-01
8.654288573131435625e-01
8.228869552786910457e-01
7.759630471982456035e-01
7.250635551372052179e-01
6.750458682840834168e-01
6.329019194551033234e-01
5.966685140540504140e-01
5.680400060014502150e-01
5.454377765621056806e-01
5.298457055500971347e-01
5.187914779221671768e-01
5.113189839058072117e-01
5.071229084463795278e-01
5.045674690656845041e-01
5.029344610010706429e-01
5.019152796631243252e-01
5.012945593455818694e-01
5.008876292856934143e-01
5.006268884927495000e-01
5.004565596667971406e-01
5.003342605184262215e-01
5.002493080783446677e-01
5.001882031092484970e-01
5.001452466047744405e-01
5.001141793102247268e-01
5.000923775040746477e-01
5.000760117078030254e-01
5.000636932257875866e-01
5.000538784016119731e-01
5.000459129118769441e-01
5.000394955576643596e-01
5.000341820264542214e-01
5.000298276028790623e-01
5.000262222228006870e-01
5.000235884254402574e-01
5.000214567272356359e-01
5.000199100623016202e-01
5.000186630766436657e-01
5.000177559839127372e-01
5.000169005937877831e-01
5.000160386553045289e-01
5.000152247346305590e-01
5.000145668440962865e-01
5.000138266212377225e-01
5.000132526714149428e-01
5.000126964761782977e-01
5.000122249481198100e-01
5.000115844671779719e-01
5.000110781042728103e-01
5.000105798126310841e-01
5.000101610640023120e-01
5.000097558246721086e-01
5.000095171189757881e-01
5.000091588436912371e-01
5.000089491942110165e-01
5.000087566371258507e-01
5.000086088218362868e-01
5.000084077101861757e-01
5.000082598736658168e-01
5.000080651061691306e-01
5.000080171911550631e-01
5.000079514628867905e-01
5.000078340655973452e-01
5.000076912707575039e-01
5.000076030447917486e-01
5.000075481876035122e-01
5.000075381005728570e-01
5.000075531786183358e-01
5.000075505143097843e-01
5.000075036122570982e-01
5.000074547856738771e-01
5.000073490529441944e-01
5.000074012019792846e-01
5.000074481427738693e-01
5.000075163116151078e-01
5.000074853045033407e-01
5.000075534781014408e-01
5.000076258739829527e-01
5.000076955539641821e-01
5.000079025361089391e-01
5.000079259709648838e-01
5.000079132527764925e-01
5.000079894373538059e-01
5.000078995768244550e-01
5.000078506176768300e-01
5.000077778582043830e-01
5.000077287593429620e-01
5.000075385652018589e-01
5.000074595075980621e-01
5.000074392294311387e-01
5.000073470166093159e-01
5.000071949109587965e-01
5.000070669535523482e-01
5.000071136030710406e-01
5.000069404301790144e-01
5.000068578527017138e-01
5.000069525331070075e-01
5.000068549703388099e-01
5.000068258758371131e-01
5.000067060587050083e-01
5.000067420186460332e-01
5.000067869368585161e-01
5.000068103716501788e-01
5.000067930473017785e-01
5.000068118834019026e-01
5.000068235892998203e-01
5.000068289694168389e-01
5.000069074872247610e-01
5.000068817810348065e-01
5.000068975638858326e-01
5.000069286876336339e-01
5.000068870154210643e-01
5.000068951807754569e-01
5.000068075855641503e-01
5.000068353698725598e-01
5.000066912248081197e-01
5.000066342630764549e-01
5.000066482872914664e-01
5.000065625647112100e-01
5.000064019459631304e-01
5.000063211972030075e-01
5.000063514774398810e-01
5.000063006632899931e-01
5.000062164410241650e-01
5.000060866572013651e-01
5.000060184439770739e-01
5.000059140729015139e-01
5.000058721531035477e-01
5.000057787407862220e-01
5.000057707110255878e-01
5.000058034251201322e-01
5.000058849949202688e-01
5.000058933068934897e-01
5.000058361897024017e-01
5.000058298963148129e-01
5.000058482567637519e-01
5.000057529058890005e-01
5.000057297959686897e-01
5.000057012740152240e-01
5.000056927638445448e-01
5.000056830669429297e-01
5.000056219250095246e-01
5.000056419523617457e-01
5.000056806292779710e-01
5.000056173715701213e-01
5.000056835914150621e-01
5.000056303988218431e-01
5.000056718563092861e-01
5.000056407365395250e-01
5.000056871674372072e-01
5.000056983510727804e-01
5.000056652354560871e-01
5.000057855749555635e-01
5.000058117215177012e-01
5.000059646066902230e-01
5.000060080028116971e-01
5.000060253854505810e-01
5.000060883650746524e-01
5.000062231767141707e-01
5.000063287580645000e-01
5.000064942969161264e-01
5.000066425768023848e-01
5.000066732479951925e-01
5.000067785889414917e-01
5.000067916789078248e-01
5.000067665485633528e-01
5.000068530620258578e-01
5.000069209258186653e-01
5.000070035791471801e-01
5.000070328397403507e-01
5.000069794729392614e-01
5.000069049813516964e-01
5.000067909678764799e-01
5.000067148510786152e-01
5.000066989374543081e-01
5.000067588317599343e-01
5.000066745936003754e-01
5.000066288059634712e-01
5.000064938119083147e-01
5.000063318389300626e-01
5.000063983131688428e-01
5.000062767522608365e-01
5.000063358825896920e-01
5.000062949169451487e-01
5.000063164535870630e-01
5.000062410377335009e-01
5.000063329890390706e-01
5.000062990744520430e-01
5.000062396955151645e-01
5.000062807261372866e-01
5.000064726712410978e-01
5.000064776589486781e-01
5.000064937183320568e-01
5.000066130914332385e-01
5.000067431189805234e-01
5.000068384488774997e-01
5.000070335755700812e-01
