9.520389834788023364e-01
9.851509250271835993e-01
8.358990373292118914e-01
8.359525777480720787e-01
9.276691563787764494e-01
8.557362682097885420e-01
8.282063034021499570e-01
9.147741608407717884e-01
6.045858698501886952e-01
5.667729154248416501e-01
4.487970006349136787e-01
5.374800110625768124e-01
4.625039086691483670e-01
5.225555644211620221e-01
4.726650875114114525e-01
3.903050316782459284e-01
6.069696263901543931e-01
5.093567017663662710e-01
4.997555800103171686e-01
4.557229263967271793e-01
3.202999056496542707e-01
4.170010030540969304e-01
5.792191748563608744e-01
6.881997828709597309e-01
4.887474727948517561e-01
6.535885935902360222e-01
7.451118043427840121e-01
8.089306388612519383e-01
2.960210160185201556e-01
5.078132554739772653e-01
4.913396891729242544e-01
4.033409358889490370e-01
5.006604583479838944e-01
7.301524359878549530e-01
4.983323152325841443e-01
6.125185341412744400e-01
3.116598586003747062e-01
5.394652018276102634e-01
3.697417419639503766e-01
6.466633315170966512e-01
1.890327107825170438e-01
3.840838442951847176e-01
2.905050843027493501e-01
3.703784691584366406e-01
5.289305969363040649e-01
6.280960633604747434e-01
5.263751553149906837e-01
4.374201494524951883e-01
4.750624824453806294e-01
5.419330089449877486e-01
2.919385943408703277e-01
4.697152014751257987e-01
3.778056149547628362e-01
5.477091298610330394e-01
4.989595364631260743e-01
6.371576740520159543e-01
4.575270153947715857e-01
6.058644437759252988e-01
3.676570397533666101e-01
5.446955921607687934e-01
3.594857863345757298e-01
7.004246416552273313e-02
4.375898612033789492e-01
4.968221919900136507e-01
5.817025715457704305e-01
4.183489097294735837e-01
6.007613714132755689e-01
4.534667818075103218e-01
5.982106574959951129e-01
4.694820003282822451e-01
4.182803693805023926e-01
5.218968115455384638e-01
4.905211135034553971e-01
3.522486961165663955e-01
1.765509996628071843e-01
4.530100733788408052e-01
4.760022246690641667e-01
4.628518163027095511e-01
5.281920310339327518e-01
5.663688719643100722e-01
4.906404053508622853e-01
6.790128218337811994e-01
4.209539627998428735e-01
4.266293254181714456e-01
4.555250927694782792e-01
4.080512546181308542e-01
4.806603579209971500e-01
5.386565827320635158e-01
6.295258572815869424e-01
4.486159533946344480e-01
5.972097804413194488e-01
4.946955924426460482e-01
4.252866020578836004e-01
3.222118135257180382e-01
5.268820995006997521e-01
4.795493133386972140e-01
4.481018424783093090e-01
3.908219571334003994e-01
5.774900519358064921e-01
6.211518959889722469e-01
4.924912254473432505e-01
2.079197026648104130e-01
3.361025438538837173e-01
5.799676844105020601e-01
6.578547245742465410e-01
7.505352664822195763e-01
7.405576512839640024e-01
6.280973256631365853e-01
5.478582636234359260e-01
4.808203915608552093e-01
5.085168409427259784e-01
5.671971580327698215e-01
6.922222426556638997e-01
6.068399534632911152e-01
5.763838587101337563e-01
5.320482485445860998e-01
4.122737635819802016e-01
5.106168900739707084e-01
5.904960911483265740e-01
6.521643610888014919e-01
5.787131129263376472e-01
5.931769914864084559e-01
4.370418642612617921e-01
6.186265550720911888e-01
1.892493456770288907e-01
4.452614116133777333e-01
6.881616116434227104e-01
5.260558159788724097e-01
4.016225324041452494e-01
5.156661186097765137e-01
2.855384037976569367e-01
3.891785081151089010e-01
4.291067451945751454e-01
5.533471784747995281e-01
3.226716539392233685e-01
5.554701972822373435e-01
2.617508913561367168e-01
4.869261789241625671e-01
5.710743998644765007e-01
5.996704734441886675e-01
4.377594568239815409e-01
4.133373578927016512e-01
5.550567290578292123e-01
5.080412098641409191e-01
4.933812443146615712e-01
5.256917702776424672e-01
7.196780651188585676e-01
3.139481197900263476e-01
4.513125233646065881e-01
5.295763851578787484e-01
4.552803967287394338e-01
4.778288386955393818e-01
5.675391392491869746e-01
5.447535604038447055e-01
5.478704211070211105e-01
5.174487606707079967e-01
6.609825265931207339e-01
5.300508193052357875e-01
4.145467161381075627e-01
5.060011175690006802e-01
4.065167870853045873e-01
4.655869500925571280e-01
7.100822449751282850e-01
5.483165845092530244e-01
5.674766391152095135e-01
3.840717180364802141e-01
2.416663185284722015e-01
1.814669541168918432e-01
4.312860905851313431e-01
3.449261169180793951e-01
3.352628379236657352e-01
4.452251315058280978e-01
3.765117118003559193e-01
5.666303485456829492e-01
5.248734605878608850e-01
6.813548105011912881e-01
4.464826013532774418e-01
5.569299038981843086e-01
5.466679611558153962e-01
3.966497404964761664e-01
4.445440463843691736e-01
6.385586758770964710e-01
2.620485823655936963e-01
4.278977850428273833e-01
6.706839520480232242e-01
6.678148841191071661e-01
5.276822873392077451e-01
2.807979903235713337e-01
7.724792100295746478e-01
6.478119735082672470e-01
7.611951363602162957e-01
6.368765751754509319e-01
6.188410432381280524e-01
1.416161567568182678e-01
5.803338606185632909e-01
5.337695594325735371e-01
3.455801687419026713e-01
4.556891176740122118e-01
4.348356157193817850e-01
2.827877862667805831e-01
