9.686992273472634363e-01
9.532560531110123581e-01
9.282686645805841019e-01
9.046206318345748620e-01
8.702996769615788386e-01
8.300191815672361972e-01
7.815221471428435152e-01
7.296996080413274965e-01
6.769179277090172642e-01
6.305538049919230392e-01
5.924015932005112228e-01
5.645223683977915741e-01
5.435834043442770991e-01
5.285533350953901532e-01
5.182107943940461592e-01
5.118946433610707114e-01
5.082885523618915213e-01
5.059387297674580175e-01
5.045037712677011843e-01
5.035071931954542279e-01
5.027461602778798833e-01
5.022573340335723113e-01
5.018771540872410952e-01
5.015827538432037214e-01
5.013477004324448094e-01
5.011704862570987018e-01
5.010205391103454975e-01
5.008891762761583655e-01
5.007921543049514979e-01
5.007106834349092095e-01
5.006243067878253239e-01
5.005552769135103164e-01
5.005041881725615927e-01
5.004614993692404479e-01
5.004237512069130700e-01
5.003967069021432179e-01
5.003751552643167511e-01
5.003546951711097535e-01
5.003329104288432028e-01
5.003082446365396674e-01
5.002887366952589732e-01
5.002721200292686854e-01
5.002601110215330049e-01
5.002526611731572537e-01
5.002448918647549592e-01
5.002385014539005859e-01
5.002330709266278319e-01
5.002270190242303904e-01
5.002223681148056933e-01
5.002221341202801597e-01
5.002229763691663500e-01
5.002210811178645633e-01
5.002172805697870928e-01
5.002136618749446484e-01
5.002086783664749792e-01
5.002054534965446608e-01
5.002016107013800283e-01
5.001997402653926006e-01
5.002029579805535864e-01
5.002078122724766818e-01
5.002159229872343849e-01
5.002233320921478654e-01
5.002285448579384397e-01
5.002331877796832860e-01
5.002345882172518632e-01
5.002335768551093853e-01
5.002304885969375281e-01
5.002298416123206470e-01
5.002296156363146284e-01
5.002266259323813191e-01
5.002217961270043478e-01
5.002215498135724747e-01
5.002180161401065250e-01
5.002162679356897401e-01
5.002186073667387323e-01
5.002149777907264339e-01
5.002121381942019607e-01
5.002042780345130613e-01
5.001965272055544087e-01
5.001905429329094321e-01
5.001900039109357099e-01
5.001896202483566700e-01
5.001854773531830833e-01
5.001809505707780490e-01
5.001776136613373946e-01
5.001724187715340664e-01
5.001723084382874163e-01
5.001710011712227066e-01
5.001692246834377187e-01
5.001654178961211228e-01
5.001627849843046647e-01
5.001618186334206850e-01
5.001612643940340774e-01
5.001621343612945303e-01
5.001629971442311806e-01
5.001616295508561905e-01
5.001587963583685736e-01
5.001594231830548409e-01
5.001603417540358976e-01
5.001593199434402059e-01
5.001613291434292563e-01
5.001587296502172375e-01
5.001549387718167150e-01
5.001502582603796210e-01
5.001469943942709051e-01
5.001441341708208199e-01
5.001416797827911154e-01
5.001399304872276019e-01
5.001380957212617773e-01
5.001404094432386760e-01
5.001415182473714083e-01
5.001429456046864175e-01
5.001425472041898246e-01
5.001432538063959043e-01
5.001451887482610825e-01
5.001507718155745463e-01
5.001584842083754978e-01
5.001626868624935440e-01
5.001643472380459254e-01
5.001631321240420647e-01
5.001617149427595166e-01
5.001645442755024984e-01
5.001661567293351762e-01
5.001674457470917101e-01
5.001710187195537172e-01
5.001748773500225287e-01
5.001797885711984915e-01
5.001853771750763844e-01
5.001845510928928373e-01
5.001849526058683715e-01
5.001831688718099134e-01
5.001777400119278294e-01
5.001698869969282146e-01
5.001581550742416615e-01
5.001492931076890747e-01
5.001435476324196383e-01
5.001397210713734998e-01
5.001363110438699078e-01
5.001307760897770738e-01
5.001251177878316412e-01
5.001188676394914268e-01
5.001148792088194739e-01
5.001130586344598727e-01
5.001106702964761563e-01
5.001107188478552956e-01
5.001117538494010972e-01
5.001129992138255709e-01
5.001142232596063053e-01
5.001116739624769103e-01
5.001078947992978474e-01
5.001051035523841337e-01
5.001018557554228749e-01
5.000992260759958841e-01
5.000986023609981235e-01
5.000979310256155053e-01
5.000970098875749947e-01
5.000952682171363461e-01
5.000920120342724484e-01
5.000898794057204721e-01
5.000884936290895810e-01
5.000866552331397763e-01
5.000854186284212632e-01
5.000843413385904768e-01
5.000830971222551824e-01
5.000821827977510736e-01
5.000819636847834149e-01
5.000824793069506002e-01
5.000831485933244780e-01
5.000807368192480284e-01
5.000782683540273554e-01
5.000755956076191611e-01
5.000737814008004989e-01
5.000714278594884377e-01
5.000698055281684873e-01
5.000695782846644732e-01
5.000686138184970986e-01
5.000675018237608072e-01
5.000669296964447286e-01
5.000667502610820492e-01
5.000659320345480774e-01
5.000659295840358398e-01
5.000661793728707893e-01
5.000669517114709750e-01
5.000665382270708115e-01
5.000657090725058040e-01
5.000657622716460082e-01
5.000654268116394574e-01
5.000665897652339931e-01
5.000668263767861221e-01
5.000676803373292900e-01
5.000682825641203921e-01
5.000699172253516567e-01
5.000713524287531131e-01
5.000724188386765912e-01
5.000722264055813548e-01
5.000740153192835269e-01
5.000750876759012531e-01
5.000762973310062254e-01
5.000779593824378200e-01
5.000798514394004801e-01
