8.907436508828703303e-01
8.653146973772340989e-01
8.398247290934937048e-01
8.059365624770995495e-01
7.671323708085976412e-01
7.248445027248312522e-01
6.815258285476117894e-01
6.397908261671303443e-01
6.016559747960346094e-01
5.716400788627705731e-01
5.503311015353382629e-01
5.340322645902062515e-01
5.225675263612415966e-01
5.147600388878312838e-01
5.092302962896599894e-01
5.059228499174370786e-01
5.039820527500328273e-01
5.027699919210958379e-01
5.019574362324301653e-01
5.014348304572696646e-01
5.010542217010367505e-01
5.007868375561677077e-01
5.006090467545456502e-01
5.004779586463941055e-01
5.003785254438881669e-01
5.003050659870640349e-01
5.002532534320752733e-01
5.002143595488237615e-01
5.001812137844068307e-01
5.001551564423643015e-01
5.001373427103490421e-01
5.001207208634326218e-01
5.001069530512721739e-01
5.000957324929441450e-01
5.000859588469326322e-01
5.000773499490702712e-01
5.000708572467735813e-01
5.000652117277557540e-01
5.000603677904285060e-01
5.000559415025378485e-01
5.000518822929124196e-01
5.000479855479718072e-01
5.000448895580129616e-01
5.000428218060393171e-01
5.000408866279598685e-01
5.000394211383287768e-01
5.000381175591491756e-01
5.000371957119794653e-01
5.000366952402889309e-01
5.000362657682927425e-01
5.000358668006461560e-01
5.000355240048731664e-01
5.000351831082927578e-01
5.000349955807240621e-01
5.000351706720573830e-01
5.000348308534918740e-01
5.000342485585027585e-01
5.000336968355958422e-01
5.000331932521845379e-01
5.000326639003717100e-01
5.000322347071555207e-01
5.000312372923259030e-01
5.000303713737002109e-01
5.000294173650976504e-01
5.000285614169723836e-01
5.000281639921925203e-01
5.000278939431677117e-01
5.000275409774930235e-01
5.000269822703953260e-01
5.000269840816504718e-01
5.000266212130666243e-01
5.000266219308633353e-01
5.000260004342864661e-01
5.000255214651387892e-01
5.000252842027580469e-01
5.000250035147999483e-01
5.000251147424397136e-01
5.000252668704121550e-01
5.000252211790170431e-01
5.000252092912920165e-01
5.000247392346832687e-01
5.000238885663933486e-01
5.000234647428680734e-01
5.000227805420500715e-01
5.000221093505707870e-01
5.000219927229545558e-01
5.000220463220009792e-01
5.000222171529328241e-01
5.000223477677103734e-01
5.000222108917051766e-01
5.000221115466673139e-01
5.000221028679273649e-01
5.000218666443884130e-01
5.000218206920405972e-01
5.000218836312484427e-01
5.000221191580840330e-01
5.000220617169874870e-01
5.000219315936081932e-01
5.000218211592575290e-01
5.000218447604465322e-01
5.000219102704901442e-01
5.000217459997642333e-01
5.000216588653860761e-01
5.000215746525558114e-01
5.000217773296776747e-01
5.000217039970247246e-01
5.000211748008206447e-01
5.000207734899145828e-01
5.000205769849899173e-01
5.000204485618231498e-01
5.000198717186451480e-01
5.000193668316192941e-01
5.000191322908078551e-01
5.000189917321133937e-01
5.000186263726622560e-01
5.000181801940013493e-01
5.000175519301081062e-01
5.000169986101468123e-01
5.000165322616886288e-01
5.000164912818225726e-01
5.000163426685800827e-01
5.000161940003635674e-01
5.000160439326193362e-01
5.000160162767988137e-01
5.000162430720158646e-01
5.000162182023302204e-01
5.000162606812221799e-01
5.000159728099846657e-01
5.000158877613651853e-01
5.000160946447429478e-01
5.000163517698821281e-01
5.000165621081126277e-01
5.000165090739745466e-01
5.000164816154085701e-01
5.000163646924491445e-01
5.000166950988140790e-01
5.000167694875251589e-01
5.000170212552516036e-01
5.000170601786961821e-01
5.000170997100880088e-01
5.000171644480094768e-01
5.000170653647236785e-01
5.000167518780395115e-01
5.000158960008215248e-01
5.000152754097072494e-01
5.000145491090807193e-01
5.000140021523030720e-01
5.000134893291410254e-01
5.000129259211499866e-01
5.000125510400208473e-01
5.000120996248814675e-01
5.000117550254050691e-01
5.000112047490017364e-01
5.000108464083286020e-01
5.000106407960451804e-01
5.000104963023572768e-01
5.000105288211307286e-01
5.000105619958727932e-01
5.000105607608473779e-01
5.000103353400300321e-01
5.000102478870592781e-01
5.000100702775576167e-01
5.000098934541969964e-01
5.000098112876406597e-01
5.000098452682197880e-01
5.000098073941784405e-01
5.000096385137370314e-01
5.000094212690177065e-01
5.000093826574447675e-01
5.000093566660310795e-01
5.000094820125039474e-01
5.000095676668470102e-01
5.000095601242855459e-01
5.000096550491315295e-01
5.000099924114252969e-01
5.000102587454335890e-01
5.000104520051260604e-01
5.000105153019578363e-01
5.000103556650954406e-01
5.000102040656171365e-01
5.000099541885671961e-01
5.000095945872617964e-01
5.000091566650748387e-01
5.000087911898262183e-01
5.000084606294906697e-01
5.000082018315146204e-01
5.000078833147860724e-01
5.000074872869519904e-01
5.000072670317893264e-01
5.000069055293701048e-01
5.000066500155211369e-01
5.000063113016657290e-01
5.000059944809510659e-01
5.000057901206493849e-01
5.000055828493439325e-01
5.000055306652052556e-01
5.000054560359443734e-01
5.000054632702632951e-01
5.000052879845222620e-01
5.000052359754965092e-01
