1.050243612365588497e+00
1.000799465499766283e+00
1.046290585481627788e+00
9.025439992286392599e-01
9.614361562447018006e-01
9.817001195999126573e-01
9.384734215205664531e-01
8.561515467472563534e-01
1.103478499781378241e+00
7.879952816540140015e-01
9.266689958530686111e-01
7.732150938558695064e-01
9.264435962913013523e-01
9.405919127830260074e-01
6.761363134146554099e-01
8.691739497894552802e-01
8.928532208713590990e-01
8.390385931630979233e-01
6.979220971839389387e-01
7.850804666257775732e-01
7.195438524363373389e-01
6.694483801592725492e-01
8.583341925055740784e-01
7.906592578401875349e-01
5.272685794601601472e-01
5.725890344674191557e-01
4.783858881805819196e-01
5.223329368883558033e-01
3.310039281728260896e-01
5.310215438500804908e-01
4.956354827249631612e-01
3.865356375724388061e-01
7.289392888795959147e-01
2.669627389187063660e-01
6.593952305107941836e-01
3.795114010526695614e-01
5.720073472667854819e-01
4.526144269223467687e-01
6.304398576443215330e-01
2.960931347311184236e-01
6.331518526362300836e-01
5.549309559534139069e-01
1.916223507235825796e-01
5.634942158392082234e-01
3.177122835952645996e-01
7.502001267321438682e-01
5.006283039182385375e-01
4.261229023364250246e-01
3.965087036868296666e-01
3.144039476982460890e-01
6.314064348158778817e-01
4.420019327295814371e-01
3.167715241231643386e-01
4.497932487239466592e-01
4.667068720341573940e-01
6.099756232183732862e-01
5.285928439160283432e-01
4.454859033268421253e-01
4.047718909284552247e-01
7.301284670338952232e-01
4.267720683311714280e-01
2.822658698856660431e-01
4.569534400846747557e-01
4.969825510082658271e-01
5.599433715349897422e-01
5.451513945552426410e-01
7.090274107161214090e-01
6.006534168955838249e-01
3.222011203191276207e-01
4.553926385842435032e-01
5.265312227118145172e-01
4.665378016157818442e-01
4.223972215018756415e-01
3.630437873266708637e-01
2.831812016182944092e-01
2.921824343386016931e-01
4.659757003657112318e-01
5.581476823154662981e-01
3.597105058095483310e-01
6.494316045396479886e-01
2.522352683329972534e-01
3.582482740018703149e-01
5.453469006633352434e-01
3.848544435825710375e-01
6.163023434721899285e-01
4.188736249147883006e-01
5.902839284736932646e-01
6.613248006014372793e-01
5.872671251131023062e-01
5.412367715262642598e-01
5.859700266856521234e-01
6.721474383727731317e-01
5.151664578269818939e-01
2.319851040760018135e-01
4.141834068839804761e-01
4.120492971501412693e-01
6.774192859226630947e-01
4.630176301061666999e-01
4.446985632419895307e-01
4.054744295108289043e-01
4.161475916554256971e-01
4.875743489115305085e-01
5.609292724121559548e-01
6.466034374016947917e-01
6.710868548585759985e-01
2.657072212333878580e-01
5.194727258810472037e-01
7.104315159965159943e-01
4.007148449920214794e-01
2.748502345811846270e-01
2.918039472106320753e-01
4.570316378130161450e-01
4.142813822163249338e-01
3.568437629103500264e-01
5.381187326913108304e-01
2.945424633687572236e-01
6.576284332037347635e-01
4.477603277967552309e-01
5.675699093857462518e-01
3.490044212766675313e-01
5.251436626426995158e-01
7.210413429528403917e-01
6.200145753577561702e-01
6.093231030255846781e-01
3.668640176278283871e-01
4.282074680468541672e-01
4.660059092859772933e-01
6.826051473004035586e-01
4.958713028582214521e-01
6.188876655510554547e-01
4.172294285552407000e-01
3.329494647397669427e-01
4.457017342650081426e-01
6.285599589743419147e-01
4.342266621257201420e-01
3.533806464392220681e-01
6.077465676960852603e-01
6.208014254202163240e-01
4.854656078125100249e-01
6.173587963952185120e-01
6.402293171942854411e-01
4.174424245740823158e-01
4.165554915533795644e-01
4.464282750479290351e-01
3.343872599675491442e-01
5.282180256741064728e-01
4.975604338565778884e-01
5.491681212370644882e-01
3.643403099192874528e-01
4.361281462055905944e-01
4.630252419377939299e-01
6.490200828310752623e-01
2.835596755623842613e-01
5.783419636325748403e-01
5.866853407462000458e-01
4.255484573115246860e-01
3.952846745468894252e-01
6.089077572184026232e-01
4.669142312588046018e-01
3.469447082147886219e-01
6.811157195288519706e-01
5.787428273013637270e-01
5.467425723190937337e-01
3.337426111718595489e-01
5.565016338145760688e-01
5.068822487541981836e-01
3.856829627907151226e-01
5.072812503084055402e-01
5.888293999222324882e-01
5.280378528398750326e-01
3.987003129946445901e-01
5.160874621395201700e-01
4.223788406056026012e-01
6.284736172991000069e-01
4.375355943198276920e-01
2.846701209143831512e-01
3.624370035691698577e-01
5.571952600596570271e-01
6.376089434245331145e-01
5.177518073177377333e-01
5.167847371258620370e-01
3.928402538762391094e-01
6.103718651801735007e-01
5.690758019561061865e-01
1.719743405090095045e-01
5.260625297899266251e-01
6.298368111130066005e-01
5.379233741366347132e-01
3.716697636088235335e-01
4.579466496312110113e-01
3.462372235343184057e-01
3.967083907511724794e-01
3.968579683621957788e-01
3.657784805647436022e-01
3.362892229717847625e-01
4.839204413882349787e-01
3.052195644272613917e-01
5.580481936524415154e-01
5.272014466723309312e-01
5.073673411909067621e-01
