9.151199935406381103e-01
8.860017047113757371e-01
8.453696687412480815e-01
7.936672657654999519e-01
7.359659827388266296e-01
6.783123513950031214e-01
6.261438181320414520e-01
5.876133777362924082e-01
5.571123961460244800e-01
5.346667621997054365e-01
5.196139779705741812e-01
5.114459058794044166e-01
5.064693385680913984e-01
5.036339481006214536e-01
5.021181825504805740e-01
5.012340900414322675e-01
5.007208315696339840e-01
5.004397478930477927e-01
5.002797398497335069e-01
5.001834831553712002e-01
5.001224651986274639e-01
5.000828817401902215e-01
5.000582603798698900e-01
5.000417350495184321e-01
5.000304557367448721e-01
5.000226464264778681e-01
5.000173346576951561e-01
5.000135329302631826e-01
5.000108314316608071e-01
5.000087528149874672e-01
5.000071421942200445e-01
5.000059299015419123e-01
5.000050181256443516e-01
5.000042594807374563e-01
5.000036976911346187e-01
5.000033040423339514e-01
5.000028913920497864e-01
5.000026330131248642e-01
5.000023888782112458e-01
5.000020897683832288e-01
5.000019779401490005e-01
5.000018573984128523e-01
5.000017042702836756e-01
5.000016471045238831e-01
5.000015612799708631e-01
5.000014849863687605e-01
5.000014098038771948e-01
5.000013304447392670e-01
5.000012204910057045e-01
5.000011816297895706e-01
5.000012247462880532e-01
5.000011171382288122e-01
5.000010739967477580e-01
5.000010733793214257e-01
5.000010197855360161e-01
5.000010293383493343e-01
5.000009374917703253e-01
5.000009446552604597e-01
5.000009276938739422e-01
5.000008909677688962e-01
5.000009112878305295e-01
5.000009200363271233e-01
5.000009155974369790e-01
5.000008173737848782e-01
5.000008009011249754e-01
5.000008376308784364e-01
5.000008282374893698e-01
5.000008641281020738e-01
5.000008353366478531e-01
5.000008113627583128e-01
5.000008455680809982e-01
5.000008402866281676e-01
5.000008618849208775e-01
5.000008386948133765e-01
5.000008657654257949e-01
5.000008546713667901e-01
5.000008279253318477e-01
5.000008772145392300e-01
5.000008102556932066e-01
5.000008445789827505e-01
5.000008262953961058e-01
5.000008363493257946e-01
5.000008283396564224e-01
5.000008446585122446e-01
5.000008426551653118e-01
5.000008408728164877e-01
5.000008162393838607e-01
5.000008600582370732e-01
5.000008451831076117e-01
5.000008692968158641e-01
5.000008579241805862e-01
5.000008080805319333e-01
5.000009062271202342e-01
5.000008926622443450e-01
5.000008715960275740e-01
5.000008992139566288e-01
5.000009554850919358e-01
5.000008937292328426e-01
5.000008976267589222e-01
5.000008739924732826e-01
5.000009456079335113e-01
5.000009764208852570e-01
5.000009813624154420e-01
5.000009203703253968e-01
5.000010353824189124e-01
5.000009882381863946e-01
5.000010022152112654e-01
5.000010181746344928e-01
5.000010097306986090e-01
5.000010085227031276e-01
5.000009979487298750e-01
5.000010086777388896e-01
5.000009946548915618e-01
5.000010182133377556e-01
5.000010216274519692e-01
5.000010114070151390e-01
5.000009699907219662e-01
5.000009642181555414e-01
5.000009882146141393e-01
5.000009945032637404e-01
5.000009858644445249e-01
5.000009843297321677e-01
5.000009705628923884e-01
5.000009868798611645e-01
5.000010330126244407e-01
5.000009872162016755e-01
5.000010086636166307e-01
5.000009006796481970e-01
5.000009666941416242e-01
5.000009406669898571e-01
5.000009552683695180e-01
5.000009405924037420e-01
5.000009543760871589e-01
5.000009740150828108e-01
5.000009577306608888e-01
5.000009754492787950e-01
5.000009316865821063e-01
5.000010029353756380e-01
5.000009705437431506e-01
5.000009227663293476e-01
5.000009792552725374e-01
5.000009541636915023e-01
5.000009688617127468e-01
5.000009958290242418e-01
5.000009753677172597e-01
5.000009505085980521e-01
5.000009274844199325e-01
5.000009924779986736e-01
5.000009806872097728e-01
5.000009230851457653e-01
5.000008888870803858e-01
5.000009125354417661e-01
5.000008817820684737e-01
5.000008712469901084e-01
5.000008905389555780e-01
5.000009115826726802e-01
5.000008456565423476e-01
5.000008487165594762e-01
5.000008372799054079e-01
5.000008603128168749e-01
5.000008443003564063e-01
5.000008538559100879e-01
5.000008260043152797e-01
5.000008226448786619e-01
5.000007997447808439e-01
5.000007909840997744e-01
5.000008697386262302e-01
5.000008055434896903e-01
5.000008283812391596e-01
5.000008079678774919e-01
5.000008966752048645e-01
5.000008876232762134e-01
5.000009007332950617e-01
5.000008429238743668e-01
5.000008362788258554e-01
5.000008330265386380e-01
5.000008150937951257e-01
5.000008243711686617e-01
5.000007951508189663e-01
5.000007728115973826e-01
5.000008119047297805e-01
5.000006881364653655e-01
5.000006960513873056e-01
5.000006736628217485e-01
5.000007283094591859e-01
5.000006399238667854e-01
5.000006502198708347e-01
5.000006807081667226e-01
5.000006740203682964e-01
5.000006790152067282e-01
5.000006281737261471e-01
5.000006498778543085e-01
5.000006799136096358e-01
5.000007066693792357e-01
5.000006872040465566e-01
5.000006610120451001e-01
5.000006548898365821e-01
5.000006503846279315e-01
5.000006504172597177e-01
5.000006535180994138e-01
