1.076734789672530557e+00
1.109109784417635858e+00
9.214410929618324086e-01
9.921211640242418861e-01
1.068887781805409221e+00
9.406148930266038377e-01
1.004680561855795462e+00
1.012199308053630675e+00
1.055822369459345822e+00
1.209471120920844633e+00
9.811025371803174799e-01
1.011440123260421098e+00
1.031988120265953102e+00
8.610150317690108412e-01
9.622568451273845191e-01
7.316777078718703642e-01
7.889669444728943937e-01
7.412308780051520829e-01
6.718585360045519206e-01
6.092316713608869616e-01
6.943204610862906412e-01
7.245391421598896819e-01
6.508919728126911775e-01
3.222724377436688714e-01
4.969522657775542474e-01
5.265512373166174598e-01
4.117559270790560610e-01
6.593615761777142925e-01
4.927357794993887374e-01
5.156111496748609913e-01
6.139622921995837590e-01
6.078894975649256072e-01
4.684466614545417240e-01
6.073311897092363854e-01
6.094035160921444927e-01
5.147612453433818569e-01
4.401706396126404686e-01
4.854504777508369395e-01
5.701300518209528878e-01
4.784092601952747437e-01
5.174620483368499446e-01
5.270323328247624728e-01
4.755356348764777641e-01
5.164811345912687646e-01
3.550885488080066654e-01
6.903878848508585575e-01
7.302540190943199727e-01
6.087814138213618609e-01
4.362426318005847570e-01
5.480218086492618657e-01
4.768708623041837402e-01
4.868848846015652043e-01
4.364401314342949423e-01
5.582432251393539824e-01
2.636960274622169864e-01
5.168734220490045495e-01
3.040227262960725207e-01
5.171623935273075290e-01
4.972209831956747594e-01
6.192356275327942638e-01
6.897826322466450444e-01
4.563588569479523072e-01
4.662753443536350462e-01
4.868257487980358622e-01
4.872502916469917400e-01
4.051398423899736922e-01
5.377935954652125483e-01
6.287345519441454034e-01
3.544405344703469574e-01
5.987139887346183409e-01
6.695531209983418552e-01
6.085769539404728423e-01
4.157895677045823080e-01
6.286475887621590930e-01
3.544124391335665702e-01
4.866327472506892793e-01
5.275954474498443236e-01
5.277017959902288169e-01
4.865556086691755766e-01
4.054240710215420984e-01
3.035759843352043852e-01
4.765211874934535130e-01
4.565566767535493842e-01
6.187523466096320757e-01
6.186978615554009631e-01
4.460323212700572082e-01
4.258331063689587692e-01
5.274326984412935904e-01
1.007464092632665009e-01
6.693264539181823514e-01
4.560120197648195317e-01
4.055897927777438738e-01
3.345919285879788152e-01
5.375264170700349009e-01
4.561517820262768197e-01
3.035127047057839533e-01
5.675039865463652466e-01
4.157711341829781748e-01
5.781755427613580745e-01
7.100696561561242737e-01
3.345259945572089944e-01
4.967679793806685229e-01
4.055552652416209991e-01
6.794818468351646601e-01
6.183369475000655147e-01
5.272457045145066967e-01
4.459969764119222635e-01
5.882798369764201674e-01
4.458681989867913087e-01
6.495815227062760044e-01
6.998151340297313894e-01
5.885889751597619401e-01
4.052931389817835406e-01
6.391013371865386095e-01
4.663345553149987888e-01
2.329481444187271322e-01
4.763036574429396763e-01
5.475185014452759180e-01
6.188573217932857862e-01
2.128738678048976984e-01
4.661327563389741080e-01
4.765489831070659488e-01
4.565892449197754832e-01
6.597143108013414636e-01
3.747254522798434406e-01
3.040187462406211960e-01
5.072922562475155051e-01
5.882764016753689873e-01
3.549514623088765308e-01
4.660641851478221076e-01
4.970713564234047199e-01
6.898905790994940279e-01
5.985017733832096454e-01
5.581872146474774476e-01
6.391077383951924151e-01
5.884641333860953782e-01
6.491870754565609580e-01
4.563724711714044480e-01
5.985971310484576868e-01
5.881674442070552455e-01
4.462096803130997102e-01
7.305032289748768504e-01
6.087725844721312285e-01
4.764237628976233374e-01
4.262362105630006504e-01
6.493790791774937121e-01
4.561979292052461554e-01
4.366839014754387849e-01
5.682334933641814967e-01
5.374336455979951133e-01
5.779023711721007484e-01
4.971261326191279695e-01
4.461525318739876234e-01
6.392435557708537885e-01
2.330864812020702059e-01
3.037084185984306739e-01
5.577922312592058507e-01
6.284628372549592168e-01
7.200881715669484873e-01
4.662485627978668612e-01
5.983915543033856421e-01
4.053927861515055353e-01
4.969041735729148312e-01
4.661417916200513156e-01
6.597478713590381183e-01
5.681092580762292510e-01
6.188932348096276570e-01
5.074157701978835311e-01
4.459357503257169730e-01
4.356747553490328828e-01
5.073385555898075605e-01
5.268945380997698269e-01
6.289183852092963267e-01
4.864965053789878091e-01
4.560832969597469200e-01
5.986200712685995073e-01
7.100579567629594635e-01
3.140952796706423245e-01
5.780203395197676119e-01
5.780274551222002177e-01
6.289395000276651881e-01
4.257230556829730839e-01
4.360956851296768910e-01
3.652423672102266261e-01
4.969984127255727691e-01
5.274484654537895389e-01
5.580867592084350903e-01
1.822830375832054095e-01
3.342573643737500877e-01
2.330800691191824425e-01
4.971290280501566849e-01
3.953793697027916387e-01
5.068207887725498795e-01
5.581037353742072105e-01
6.696308001370463447e-01
4.257600820233001793e-01
4.359776966532413756e-01
5.476463473972827956e-01
6.999034475854724047e-01
3.854400030224516271e-01
