9.926724269176342430e-01
9.916964024674108646e-01
9.916525997479932464e-01
9.920447567029943015e-01
9.929532221746220078e-01
9.925998729411878996e-01
9.927317768000456510e-01
9.929064974770037688e-01
9.928083959544539150e-01
9.921686794732486048e-01
9.907079619658519798e-01
9.899014802376866484e-01
9.889810775213468963e-01
9.872061685096776840e-01
9.845767730122503281e-01
9.816513200919624316e-01
9.774413418518677066e-01
9.729642889058104371e-01
9.657698455414874816e-01
9.552356964169534947e-01
9.420172466552286794e-01
9.274796305020810427e-01
9.120657621291641259e-01
8.890661410727019875e-01
8.578368822023798579e-01
8.153191055139752397e-01
7.678546279172671074e-01
7.152999201793992512e-01
6.670254559159480845e-01
6.259278828338936673e-01
5.907549605021409356e-01
5.624822390116740456e-01
5.432830364153897751e-01
5.301398197504176846e-01
5.213482946768096538e-01
5.153774760380871456e-01
5.112650432970550218e-01
5.084026355929838203e-01
5.062600222574848985e-01
5.047448461447237023e-01
5.036222973850692508e-01
5.028017006881343454e-01
5.022407001717461572e-01
5.018475754355371521e-01
5.015113961799295694e-01
5.012689493802076068e-01
5.010907618451876377e-01
5.009313463576665626e-01
5.007647760772264700e-01
5.006269153192786092e-01
5.005257836721155318e-01
5.004438441405100191e-01
5.003763786599340069e-01
5.003214043591931448e-01
5.002746049019924923e-01
5.002362742536166085e-01
5.002038955498659956e-01
5.001772712045351454e-01
5.001552173546686131e-01
5.001345297032792070e-01
5.001185289621420393e-01
5.001066474593308664e-01
5.000987150292653949e-01
5.000923961400720597e-01
5.000864545104826142e-01
5.000818503025588058e-01
5.000773568600030972e-01
5.000729636141227896e-01
5.000695035668679678e-01
5.000666758215783769e-01
5.000634624365974945e-01
5.000601053371285243e-01
5.000566428470433200e-01
5.000537434766680889e-01
5.000514239441367081e-01
5.000491957203833104e-01
5.000475546169413921e-01
5.000468944283544825e-01
5.000463902497501723e-01
5.000469169839147909e-01
5.000475229035306057e-01
5.000481498180002760e-01
5.000485084934629398e-01
5.000493393002678477e-01
5.000497684458167225e-01
5.000505072424559216e-01
5.000506712912502483e-01
5.000509020952729200e-01
5.000509890772041333e-01
5.000504311975219052e-01
5.000502776783547487e-01
5.000493477690430844e-01
5.000484837116212500e-01
5.000479731393598914e-01
5.000472077506141755e-01
5.000466776212600939e-01
5.000461300140237597e-01
5.000453641248525649e-01
5.000447193954766778e-01
5.000442580826724992e-01
5.000438142887597692e-01
5.000429448274228417e-01
5.000423069668495923e-01
5.000415725464980587e-01
5.000404705686241069e-01
5.000397098150269892e-01
5.000390090879358596e-01
5.000385760277143987e-01
5.000379008409894244e-01
5.000375320349725872e-01
5.000371642636677327e-01
5.000368807891231171e-01
5.000375538276911058e-01
5.000380379711485412e-01
5.000383724447780009e-01
5.000384195470523041e-01
5.000382399949184764e-01
5.000384611350729980e-01
5.000386937594227810e-01
5.000383421063352429e-01
5.000383840967873583e-01
5.000382567552057456e-01
5.000385741208515089e-01
5.000386819698109386e-01
5.000384474990051675e-01
5.000376955058426498e-01
5.000368370559726827e-01
5.000359127301148288e-01
5.000348192144061787e-01
5.000336934460847260e-01
5.000324936859066316e-01
5.000313296387361994e-01
5.000300637358124911e-01
5.000297328810037190e-01
5.000293432947873207e-01
5.000289371835724417e-01
5.000281239943571432e-01
5.000272842862950595e-01
5.000263354478806654e-01
5.000252561826741271e-01
5.000244661036696847e-01
5.000240566288329802e-01
5.000235492755289446e-01
5.000225814440160121e-01
5.000218091585995062e-01
5.000208954981933962e-01
5.000200181459623083e-01
5.000190706141858232e-01
5.000181482846388636e-01
5.000173678605791538e-01
5.000165565743915908e-01
5.000161618856666657e-01
5.000159799275532002e-01
5.000156823763277636e-01
5.000154383155490656e-01
5.000151108773915887e-01
5.000151738246233490e-01
5.000149810616454360e-01
5.000151439731070901e-01
5.000153056350480352e-01
5.000154907732076159e-01
5.000156078969009155e-01
5.000157331404793126e-01
5.000158286883348291e-01
5.000159278926873396e-01
5.000161141225424322e-01
5.000164874201522558e-01
5.000167769605239343e-01
5.000169434014880565e-01
5.000171261601700223e-01
5.000172307222618961e-01
5.000172062484533608e-01
5.000173960866336476e-01
5.000175994063104090e-01
5.000176178772413049e-01
5.000177074833436208e-01
5.000176931947202252e-01
5.000178732095807987e-01
5.000180991801395081e-01
5.000182336905820701e-01
5.000182529186216751e-01
5.000183385093219801e-01
5.000186901704564146e-01
5.000189306432258896e-01
5.000195282808252983e-01
5.000202442751002785e-01
5.000209683240512959e-01
5.000212361025806462e-01
5.000212175676267412e-01
5.000215313660498762e-01
5.000219338658526969e-01
5.000223802599770284e-01
5.000230735939560356e-01
5.000238552112845625e-01
5.000240846481019963e-01
5.000245102268431330e-01
5.000252014460468963e-01
5.000258716891847754e-01
5.000263137834148885e-01
5.000271833326233040e-01
