9.906023542369297719e-01
7.655007582165354041e-01
8.111205987073941692e-01
7.245326279728052654e-01
7.079350791406013865e-01
4.827281935771239318e-01
7.263380869517690464e-01
6.641488739673058195e-01
7.523151919015774736e-01
3.325330698133456275e-01
5.516644960138905596e-01
6.037193438340715534e-01
5.742897674327820390e-01
3.630353221432893740e-01
6.557127083446208093e-01
6.807279173989734256e-01
6.988861282756715365e-01
7.224791956438297857e-01
6.528409297913524423e-01
5.353744122206762768e-01
5.710870670364871504e-01
7.740392685617391022e-01
4.523931660276128142e-01
7.917437010555077315e-01
8.232527039774787392e-01
4.771178055382609973e-01
5.666030193488842404e-01
4.053095042397718561e-01
3.641915827569609521e-01
3.870940779187810321e-01
4.147607622432034624e-01
4.975720023532774761e-01
6.595940856729256563e-01
5.176988728934019957e-01
6.177431750390598442e-01
4.763284698294362185e-01
2.734295675423135119e-01
7.612062467386491171e-01
6.189391459028737996e-01
5.980092655645912192e-01
5.069511595445891361e-01
5.880836819945216565e-01
4.968146905936818847e-01
5.272354715698797101e-01
4.564763550817555471e-01
5.781113063646386996e-01
3.652076537233334141e-01
3.746665939592773720e-01
5.995053708686299831e-01
4.057471840681639019e-01
5.480509132879729517e-01
6.081750352980860308e-01
4.969270365490880970e-01
5.378164249314257850e-01
5.579252783851447184e-01
3.648716453811795546e-01
6.695050375334744563e-01
4.258583405052204229e-01
2.629248675858905093e-01
4.153885095441726127e-01
5.678943979384111218e-01
4.563879532348450452e-01
4.969454571037741353e-01
4.151802378055912124e-01
4.464865987318256124e-01
5.270948372978163654e-01
6.592955825557316185e-01
2.631888995074714854e-01
7.099800493336564378e-01
8.018871384333610131e-01
5.072446225264790609e-01
4.763747107625186938e-01
5.166938148378421580e-01
6.493064761666931251e-01
5.579283746211102235e-01
5.782223338999690210e-01
6.083596144183793797e-01
6.695858418001456869e-01
4.868081514272133425e-01
4.968554837261380808e-01
2.731340834611500901e-01
3.343036769322398349e-01
6.391639007524443361e-01
4.564079656101535099e-01
5.981352707264209201e-01
5.576762747297712153e-01
4.156808269447724857e-01
5.780341313041130746e-01
5.068412972992004661e-01
5.069941883185883347e-01
9.086211277393785313e-02
5.372245898255483265e-01
3.443533607082394088e-01
7.609536907243756865e-01
5.172944969155098827e-01
6.591530361703128449e-01
4.867777528920879115e-01
6.487936830874501126e-01
2.934029621277085553e-01
5.375939194322090220e-01
4.965578373803177792e-01
4.255730496605463209e-01
5.474824706708680822e-01
3.752892287675790861e-01
6.492203905686499965e-01
5.881004310505998367e-01
5.578264877011760436e-01
5.578361947599227433e-01
5.680572749195963445e-01
3.245078687100709791e-01
5.985184191190973113e-01
6.183334787657444043e-01
5.273141364878606296e-01
4.768435684738545621e-01
3.345796536018599276e-01
6.186332040189177484e-01
4.057791810421091938e-01
5.475966999219215037e-01
3.035903768281563719e-01
3.550505215619281785e-01
4.561984389047800681e-01
5.373768684202888668e-01
6.798114699344876000e-01
2.938826283555726615e-01
4.057175851386330967e-01
2.735395164754929054e-01
5.275274947249247726e-01
6.595043991161644303e-01
2.224141012091547243e-01
6.391694060323729332e-01
4.356087294133302867e-01
4.052890858077798919e-01
6.900861955800596803e-01
5.783051318521079676e-01
3.542749232007865734e-01
5.578640144594928518e-01
5.373353631451317503e-01
4.056030364828682178e-01
4.968487278511701799e-01
4.258217224236036103e-01
4.663038213882747529e-01
5.985996175105438022e-01
5.275167539869616284e-01
6.797937750435671944e-01
4.764791231108137515e-01
3.850703696125680198e-01
6.084687881272389243e-01
4.870968889840079363e-01
4.973948927549758370e-01
5.276141480697125186e-01
7.101116256817070482e-01
3.954221259419751222e-01
2.427934890795616640e-01
6.019718127252415840e-02
6.389748916418938052e-01
4.969343854031682550e-01
5.579626022443540112e-01
3.851246987168326363e-01
5.477709326136461776e-01
5.472480452371686344e-01
5.374088700322001699e-01
4.665793544129482884e-01
4.765773893725091526e-01
5.982706615921897786e-01
6.999038012912619511e-01
3.750287547544381983e-01
5.677361479979798897e-01
4.765283349456506112e-01
6.998871832808895022e-01
4.561477654329688658e-01
6.594240814048369925e-01
5.173622320039901190e-01
4.260238018992221765e-01
5.275629332553604112e-01
4.666476409008663007e-01
4.259968982584800834e-01
5.782463689031505094e-01
5.073608854823388192e-01
7.612702115348426446e-01
3.039500367521259516e-01
2.332760662754467251e-01
6.391206137477483118e-01
2.025155231589588212e-01
3.747637076815248935e-01
5.069986676396676106e-01
4.867919862600369463e-01
5.578176786764451611e-01
6.188677484132429907e-01
5.981695433610673129e-01
7.204923350382392844e-01
5.780533306972341911e-01
4.969560561380822472e-01
4.458397963375516637e-01
4.457298057314965645e-01
5.781359955993774502e-01
5.373511579971527174e-01
6.900579616369328928e-01
3.746824065883135324e-01
6.390418757573155251e-01
4.866337758688894510e-01
