9.974843239145393392e-01
9.991629132309132189e-01
9.993333052309664177e-01
9.994744651727915929e-01
9.994703166670737549e-01
9.989295817986476589e-01
9.977295901763560959e-01
9.962686998672789507e-01
9.947832986804078237e-01
9.930179582648649417e-01
9.902212760032980121e-01
9.862689454503977826e-01
9.809749547162380789e-01
9.727404420220856496e-01
9.608488309173213171e-01
9.480426897727869395e-01
9.323977240989614890e-01
9.099756970427089753e-01
8.829775229796685831e-01
8.468492065550002890e-01
8.036389720091647870e-01
7.549031302088649031e-01
7.026737410682881713e-01
6.461839408731133716e-01
5.938891794928529144e-01
5.595076541596765152e-01
5.351562840429638923e-01
5.225378530621638262e-01
5.139548987877720077e-01
5.084793407012058175e-01
5.051409326505958974e-01
5.031015992461788100e-01
5.018613245658614108e-01
5.011095662214886115e-01
5.006935245578931770e-01
5.004270034403128786e-01
5.002761310794743288e-01
5.001821539534651029e-01
5.001243230011018781e-01
5.000870488421149673e-01
5.000629541829252345e-01
5.000466627158521860e-01
5.000350877620651779e-01
5.000271961661373332e-01
5.000214271813323563e-01
5.000170983781444534e-01
5.000139684074698110e-01
5.000114780782314305e-01
5.000096448454405262e-01
5.000081278633329296e-01
5.000069767552313138e-01
5.000060720423682437e-01
5.000053167224489670e-01
5.000047545145236416e-01
5.000042542876477203e-01
5.000038674091148438e-01
5.000035077983875365e-01
5.000032713929011274e-01
5.000030383355141828e-01
5.000028255924450216e-01
5.000026769062233534e-01
5.000025667890093395e-01
5.000024528194548790e-01
5.000023188601412372e-01
5.000022608563170490e-01
5.000022063081440704e-01
5.000020816482990682e-01
5.000020211069171605e-01
5.000020304439103391e-01
5.000019764365812858e-01
5.000019183112921484e-01
5.000019033904855581e-01
5.000018337123834922e-01
5.000017941681595968e-01
5.000017890267025589e-01
5.000017577359915366e-01
5.000017077594239856e-01
5.000017293053462542e-01
5.000017452907246085e-01
5.000017529451509235e-01
5.000017247064204584e-01
5.000017182899797463e-01
5.000017217069371300e-01
5.000017351813071942e-01
5.000016546263613693e-01
5.000016573345434923e-01
5.000016757121416022e-01
5.000016970117702186e-01
5.000016416073689296e-01
5.000015864001949861e-01
5.000015843875028621e-01
5.000015112142948137e-01
5.000015256751517700e-01
5.000015459756850245e-01
5.000014817342208762e-01
5.000014644899384297e-01
5.000014818894247259e-01
5.000014323654151660e-01
5.000014110135095891e-01
5.000014269610087991e-01
5.000014090562543423e-01
5.000013445606383833e-01
5.000013583401988759e-01
5.000014049727901089e-01
5.000013561114871052e-01
5.000013980958336601e-01
5.000013769863164148e-01
5.000013199240108674e-01
5.000013195737487148e-01
5.000013165274730387e-01
5.000012614898234897e-01
5.000012641506070832e-01
5.000013175358042350e-01
5.000013255849864446e-01
5.000012841768299854e-01
5.000012316010461477e-01
5.000012447123500792e-01
5.000012061875881431e-01
5.000012338119637079e-01
5.000012145176873091e-01
5.000012154555237842e-01
5.000011858780664120e-01
5.000011774857431313e-01
5.000011540750923800e-01
5.000011817379061974e-01
5.000012169175275245e-01
5.000011663566854558e-01
5.000012186635548472e-01
5.000011904456908018e-01
5.000011763207092841e-01
5.000011135066290135e-01
5.000011270633850646e-01
5.000011722773001210e-01
5.000011635040205737e-01
5.000011135666371231e-01
5.000011825989938430e-01
5.000012260563488908e-01
5.000011896817513346e-01
5.000011983862443499e-01
5.000012034352296908e-01
5.000012111799891912e-01
5.000011932122765401e-01
5.000011617998287861e-01
5.000011441599138129e-01
5.000012263973834248e-01
5.000011371045591790e-01
5.000011333973873873e-01
5.000011561285322426e-01
5.000010699704907635e-01
5.000010922121689294e-01
5.000010996371739846e-01
5.000010955965203951e-01
5.000010806294603594e-01
5.000010587408556528e-01
5.000010709390927399e-01
5.000011170404963234e-01
5.000010376220529462e-01
5.000010433855293090e-01
5.000010159273944321e-01
5.000010080433667792e-01
5.000010442978950476e-01
5.000010030234356417e-01
5.000010005474908592e-01
5.000009849922466554e-01
5.000010048103329385e-01
5.000009988974982722e-01
5.000010102469689688e-01
5.000009960198645853e-01
5.000010382536703712e-01
5.000009515790899695e-01
5.000009680577963689e-01
5.000009199535895288e-01
5.000010071352452012e-01
5.000009115235115598e-01
5.000009274700940587e-01
5.000009567773758823e-01
5.000009616581383431e-01
5.000009160965518396e-01
5.000009171131057917e-01
5.000008840290209866e-01
5.000008751350687453e-01
5.000008732869470895e-01
5.000008872410436345e-01
5.000008757037818219e-01
5.000009034571174515e-01
5.000008814017661285e-01
5.000009031338507048e-01
5.000009288717639500e-01
5.000008834008298209e-01
5.000009175831636732e-01
5.000008790434211647e-01
5.000008264678368342e-01
5.000008197631018447e-01
5.000008203680725849e-01
5.000008522066323735e-01
5.000008202339611962e-01
5.000008157199276049e-01
5.000008141274681073e-01
5.000008464538781006e-01
5.000008510487127245e-01
