9.483081185870031460e-01
9.921522594108549420e-01
1.035446014792956282e+00
8.876916916821258052e-01
1.014248836843449686e+00
8.749540839107037282e-01
1.097586057369930757e+00
1.019857480868053168e+00
8.028068174994681394e-01
8.951315545110403171e-01
1.015047626516502044e+00
1.083361835326853484e+00
9.877994069508221342e-01
9.429438664049936136e-01
1.130729593208388062e+00
8.666742778760164745e-01
9.071146036301036553e-01
1.173400510361917171e+00
9.298214395735159288e-01
6.788915342654971985e-01
9.436713986135499832e-01
8.201817921632058583e-01
7.181039596782232692e-01
1.126948101410963687e+00
8.658780968800884326e-01
8.722997322731119718e-01
9.254028675661102321e-01
6.393859075522430047e-01
7.510414839025117972e-01
8.006574461784597974e-01
7.997973175474247798e-01
5.750964085946510540e-01
2.665310691398157239e-01
5.395356614603457057e-01
5.804330415455277725e-01
6.342744915478855106e-01
4.036883984092373145e-01
5.533174278941981328e-01
5.299120176830183215e-01
4.444125479458134187e-01
6.428019291443242134e-01
5.841905590568534645e-01
4.466765475002131280e-01
7.786643898984297874e-01
7.350367193923317277e-01
6.276796712081003093e-01
4.030189784328533920e-01
4.156089730906034063e-01
5.702092671138043745e-01
5.857513272474297317e-01
4.669627719164930468e-01
3.030452469492410650e-01
4.280029045412310218e-01
6.398173767308492632e-01
6.196762965815670876e-01
7.092703451879520671e-01
4.573205181097189653e-01
3.149275668177753396e-01
5.297804547817743792e-01
3.535198312996870040e-01
2.925255245949764937e-01
5.775632675560291585e-01
5.173772366329765227e-01
6.685079953035365508e-01
5.266739536976676739e-01
5.077395971149073484e-01
3.443623841311749256e-01
3.853837138901829995e-01
4.774944025307908957e-01
4.453603331711417646e-01
4.659763729069188454e-01
6.589722388242764683e-01
6.089959350458626908e-01
6.586352367397960705e-01
3.656931719711539186e-01
4.556529113074525572e-01
3.848374492978670069e-01
6.288990989021182587e-01
3.856452423944489727e-01
6.697057560156363110e-01
2.935179764923664392e-01
4.870455277221623636e-01
4.667915639233780611e-01
4.558620140315395863e-01
3.650980903407882172e-01
3.757937183929275227e-01
4.659757330870973879e-01
5.478624489932928388e-01
4.662395753209424010e-01
5.582852307645691514e-01
6.188205803063875354e-01
4.457876165361887022e-01
4.969715288050455815e-01
3.844898642544092304e-01
3.948170218986770674e-01
5.986757878294950430e-01
4.568874686788830797e-01
5.575216371080968791e-01
4.459182681483154775e-01
1.917791021861375844e-01
1.322796403401274024e-01
6.186045548008847206e-01
7.104258454053888894e-01
6.692031588560549693e-01
4.768471131265719087e-01
5.881394373502915052e-01
4.662666536468250689e-01
5.074609607640210296e-01
3.037601851417227605e-01
4.255735796624612322e-01
4.055238745339498907e-01
4.761334277684461380e-01
3.942620638868693517e-01
5.576702545061760219e-01
6.796716456601090695e-01
3.755090599730667167e-01
4.156279400725033657e-01
3.140227407968102513e-01
3.849208702184282460e-01
5.782418380371252553e-01
6.497839043847706275e-01
4.037208124284812349e-01
3.254199583942266605e-01
5.582843499380863994e-01
4.665123077407785646e-01
4.458384001697222043e-01
5.375400247458952396e-01
5.070159364756425813e-01
4.756369588801877546e-01
5.281840771364316733e-01
5.167682469570824555e-01
2.627997188504050952e-01
7.108681674207786294e-01
5.383511266701891396e-01
4.666109793906317860e-01
5.776721946372455063e-01
4.556135658277497003e-01
4.766597979605670110e-01
1.927283567678449439e-01
3.039683530986974080e-01
3.546763550947108490e-01
3.363323085777797372e-01
5.777880854443411263e-01
5.170260449383596857e-01
5.780425574559792112e-01
3.545071827615404736e-01
4.657742376103969351e-01
7.919346564004037248e-01
4.666581809268086634e-01
6.998706115535288097e-01
3.144337264326739767e-01
5.175828505356387943e-01
2.947936556664357832e-01
5.570251040691086564e-01
5.263119280250527776e-01
4.975162156454046025e-01
6.898238358054344932e-01
4.862697340241227684e-01
6.190862818610594065e-01
5.883639258283908102e-01
3.452451247241191679e-01
3.541175809745458203e-01
1.417063243340227485e-01
4.669049393497848310e-01
5.065845664284659433e-01
6.298254734780538433e-01
5.479279793573211821e-01
4.558811710744082868e-01
6.190617327262373237e-01
4.660807761343565003e-01
3.646013201930372594e-01
6.490764459349067650e-01
6.080192556723198472e-01
3.039586376046778948e-01
3.247434169610139421e-01
5.164201033784128203e-01
6.493148923201286227e-01
4.048173907396378501e-01
5.477951912396186174e-01
4.154719632439973775e-01
2.436355175717236365e-01
3.239220493322793049e-01
7.402101093673572052e-01
5.475153428482245621e-01
4.359758689465461634e-01
5.069836742922126938e-01
6.587840811075610370e-01
5.065294007525273923e-01
5.578590856144569621e-01
6.194669134340600181e-01
2.632973355448594566e-01
5.480405530746652598e-01
5.786134789266226264e-01
6.686600249409730967e-01
5.579287528748333447e-01
2.638537975644333899e-01
3.848581348183810480e-01
3.849577026440109684e-01
7.614928711749245904e-01
5.987219528692648840e-01
