9.609611139089999643e-01
9.972877801045301194e-01
9.077952848659218699e-01
8.630371321150031028e-01
1.124145363018970833e+00
1.096214029600163675e+00
8.888189494338737395e-01
1.032654641725177180e+00
9.870808386559715153e-01
9.394664291339368534e-01
9.666413734200628438e-01
1.035820770840289784e+00
8.032847315305632341e-01
9.473450110821184378e-01
1.013089868695651319e+00
9.707944701545431210e-01
1.009614494613543245e+00
1.095150398369650890e+00
9.379573120183949397e-01
1.009413176735844520e+00
7.924943788003733225e-01
8.691420190439431703e-01
7.297310487465040740e-01
4.818623298821684831e-01
4.556502967285047667e-01
4.442693897819842697e-01
4.568347364813258871e-01
4.828738824074391145e-01
4.033364757284697566e-01
3.097590914285028862e-01
6.801516039254724699e-01
5.015444758820488680e-01
4.093138148466988202e-01
5.445286108522161550e-01
5.862935295212509113e-01
2.531389131308854346e-01
3.699289951744276772e-01
5.887078203061593129e-01
3.750193960676877492e-01
5.338663389578586216e-01
7.993124155751207827e-01
6.190621632347623748e-01
4.879793257246608507e-01
5.071976117112926286e-01
5.373786215380715880e-01
4.656657394875843847e-01
3.446389838765461233e-01
3.222631741460224575e-01
6.179995289753739129e-01
3.845912086659644125e-01
5.374377320575047801e-01
3.032252108431724436e-01
4.152943405638772623e-01
5.282390801902985267e-01
2.217939374416333376e-01
7.700894783523799525e-01
6.280196159598261385e-01
5.572711386416481227e-01
3.860849702504993708e-01
5.985590003103322676e-01
6.688241491414789186e-01
6.888002794504488602e-01
4.369421767451168170e-01
2.816435104611730855e-01
4.255635989248767181e-01
7.099002676877391727e-01
4.849654329087064175e-01
3.345939102849925240e-01
4.977546593829100807e-01
5.974604662156968171e-01
3.939368121028725689e-01
5.585002140817690863e-01
2.114009653333707162e-01
5.378143100482211114e-01
5.374977318563548545e-01
2.785370361575272291e-01
6.467493737740106496e-01
6.693954360662363046e-01
5.909652712681197073e-01
6.274686033726022405e-01
3.111617213671985516e-01
5.993010978260742139e-01
4.968287999049827430e-01
3.959265464790772127e-01
8.436393726952545746e-01
5.796131041297207798e-01
5.074584697569088920e-01
5.250528611261995326e-01
3.252660974164669483e-01
5.404119034181036341e-01
3.062317203265039200e-01
4.774576250023909729e-01
5.296953048111585627e-01
4.567995186048812162e-01
4.659197499925877839e-01
4.754749054486726578e-01
3.551139828684505284e-01
5.895658387755295937e-01
2.219766947618698749e-01
6.190604165840096762e-01
5.677728045252710132e-01
6.279036447821955136e-01
2.937616076360265449e-01
4.456452636694605562e-01
5.867278695869657668e-01
3.963700177767019994e-01
2.022219228152130066e-01
6.594161446214321654e-01
4.152439923910773434e-01
4.470413949993237157e-01
6.494509511840222959e-01
4.768283364490265575e-01
4.666789709449633561e-01
6.278946858910361417e-01
5.077221973026038171e-01
5.993394241747459494e-01
4.971268304907122682e-01
6.391872642717824071e-01
5.687682929962805112e-01
5.274077968427268726e-01
5.666924881743553577e-01
4.969566227893240651e-01
4.974463540776634662e-01
5.690150433541848463e-01
6.493431693240230285e-01
6.494065675760070100e-01
5.379078899334311936e-01
6.078011054613086106e-01
6.384377981288675841e-01
4.864725821672558626e-01
7.913901674409269393e-01
4.776766785013655259e-01
3.948794409136061612e-01
4.655123958264030248e-01
6.997478604166476046e-01
4.551227815399891963e-01
5.783698459793187308e-01
6.790239041164554123e-01
6.699611761305446223e-01
4.160163362098253659e-01
4.559815682657540892e-01
5.679495264344598393e-01
3.427563243073428190e-01
6.187724855399872048e-01
3.640254799678601660e-01
5.789726851799092966e-01
2.515915430638214767e-01
6.502401850891104118e-01
3.120798023874614691e-01
4.971093806955866334e-01
2.019652510076551666e-01
3.042977477303980827e-01
3.544632816158320709e-01
2.732447828992619066e-01
4.957170014837835037e-01
5.782076181904102219e-01
2.129756373156357352e-01
4.576238098943565813e-01
4.466790636284446725e-01
3.564630356485425366e-01
4.970347015058482754e-01
5.054325850586638413e-01
5.374326797556960855e-01
2.924612835051655368e-01
5.280243528333807834e-01
6.195732368708345428e-01
5.255915839500896469e-01
5.179246311766213529e-01
3.441603793648814191e-01
3.332959777452586536e-01
4.770394340250941889e-01
4.057074610217332733e-01
5.383151031193372793e-01
4.475719634487881349e-01
5.348751401153915008e-01
6.295210014935341825e-01
5.283199134634012362e-01
3.648266919459022262e-01
3.850156227819411248e-01
3.850851389224746457e-01
5.078182260223087496e-01
2.522429893093526276e-01
3.348368337877651868e-01
6.188382747257864525e-01
3.250418699202418660e-01
4.348695544773255595e-01
4.865122106583092965e-01
3.556179571174518106e-01
5.378380764187793428e-01
5.071980202578325603e-01
4.660416185595672722e-01
7.005021931564867632e-01
4.777502493616271328e-01
4.663523685268592400e-01
6.300834688406575790e-01
4.469562309813636114e-01
2.525805564178145168e-01
4.970867324608982951e-01
3.951061255589651822e-01
5.978895831412606166e-01
