9.795425589510402542e-01
9.834389420736817655e-01
9.775606601017708952e-01
9.603413551058209707e-01
9.430795284142505785e-01
9.275352085883807884e-01
9.056779391864028250e-01
8.845057336839934337e-01
8.694696016551825002e-01
8.563645903307089968e-01
8.427900697802354069e-01
8.305460894480889422e-01
8.172329152486259574e-01
8.040693961198077666e-01
7.878442407436776485e-01
7.697037111714941648e-01
7.506371144511474469e-01
7.309632199471827185e-01
7.094183990033569032e-01
6.851645944885957906e-01
6.635557817093757915e-01
6.417144106998357023e-01
6.197762970132274507e-01
6.014747883455791033e-01
5.838473201275924396e-01
5.676852894857606913e-01
5.540361490644281073e-01
5.421233665919218403e-01
5.326750990625132021e-01
5.249525691400871441e-01
5.186633222189811487e-01
5.138070448525268175e-01
5.102314668041536549e-01
5.076373639096544155e-01
5.058517782229915438e-01
5.044591789412462557e-01
5.034156998550333162e-01
5.025568535924318514e-01
5.019517461703927319e-01
5.014999423839232584e-01
5.011437309065926993e-01
5.008734221827593203e-01
5.006926201134793697e-01
5.005515912896444375e-01
5.004426434673523438e-01
5.003607547793123000e-01
5.003019981170983010e-01
5.002564952084816996e-01
5.002259779461909472e-01
5.002009995135151543e-01
5.001789961074349922e-01
5.001629745503110014e-01
5.001483085069992063e-01
5.001340087236462173e-01
5.001220330581706008e-01
5.001115888773276508e-01
5.001021505611796814e-01
5.000945876765697795e-01
5.000881786137079121e-01
5.000828561777204140e-01
5.000778605849522940e-01
5.000739068209419935e-01
5.000703301105021703e-01
5.000671297437393470e-01
5.000637066656148377e-01
5.000613279826016111e-01
5.000596417890411649e-01
5.000575808341949369e-01
5.000562121962044415e-01
5.000552573969753167e-01
5.000545581516909754e-01
5.000538092971462678e-01
5.000540356881355564e-01
5.000548049227325764e-01
5.000555841059466378e-01
5.000566010462419442e-01
5.000576890987000755e-01
5.000585682064121462e-01
5.000607364078014649e-01
5.000627548114064957e-01
5.000647679533632983e-01
5.000655036447634316e-01
5.000668632361680022e-01
5.000682077677998105e-01
5.000701798208982973e-01
5.000710864752441198e-01
5.000713244063319518e-01
5.000709084587409148e-01
5.000707819379361929e-01
5.000696147003003134e-01
5.000693622257914583e-01
5.000680779182725688e-01
5.000675453207539256e-01
5.000672226878988269e-01
5.000675199932369530e-01
5.000689709555106166e-01
5.000710043347229572e-01
5.000740628138042876e-01
5.000772451399350116e-01
5.000802193438933507e-01
5.000827298766812312e-01
5.000848376394256833e-01
5.000857122084376716e-01
5.000875073375944391e-01
5.000883272238443311e-01
5.000879412323743223e-01
5.000866220327324640e-01
5.000852853969945944e-01
5.000859274666861198e-01
5.000857702881962297e-01
5.000863012899461335e-01
5.000866343831107397e-01
5.000873253398603335e-01
5.000869896537907255e-01
5.000864822139117205e-01
5.000857231021109683e-01
5.000854074398437543e-01
5.000843896808347955e-01
5.000835493209963012e-01
5.000808811814130284e-01
5.000792604429903365e-01
5.000776018749351071e-01
5.000756807054913544e-01
5.000736360711821593e-01
5.000709767049699161e-01
5.000676650890880648e-01
5.000648663392895932e-01
5.000614847256915629e-01
5.000588604856361918e-01
5.000566337181362453e-01
5.000540595935465404e-01
5.000523192528164573e-01
5.000508279356337127e-01
5.000496493457098346e-01
5.000490592707138582e-01
5.000489235175828995e-01
5.000490496629952375e-01
5.000483750336748301e-01
5.000482933196420676e-01
5.000486962611135899e-01
5.000486879300770626e-01
5.000481098977054284e-01
5.000473701947277805e-01
5.000465768272324141e-01
5.000457610020450083e-01
5.000449001118536518e-01
5.000439435711026004e-01
5.000426581397254822e-01
5.000416252626723734e-01
5.000407254177587912e-01
5.000408278155848985e-01
5.000409798313916188e-01
5.000410824381396058e-01
5.000411866381713200e-01
5.000416071678431829e-01
5.000420941424378318e-01
5.000424339410216579e-01
5.000426674743758682e-01
5.000427642049322108e-01
5.000420648782335498e-01
5.000410019858394506e-01
5.000398763160187610e-01
5.000392506275744831e-01
5.000386624614696629e-01
5.000387034802642461e-01
5.000386905248921376e-01
5.000386395828003705e-01
5.000384896553222713e-01
5.000383926892602027e-01
5.000379494668536484e-01
5.000367534780443268e-01
5.000359094459105869e-01
5.000360674334218825e-01
5.000364721657817313e-01
5.000362306327638118e-01
5.000357680453595410e-01
5.000360700075753284e-01
5.000365965508042354e-01
5.000375361437385813e-01
5.000380679235911785e-01
5.000385911447441378e-01
5.000398418765072961e-01
5.000403579224186323e-01
5.000404941263563163e-01
5.000405021924946292e-01
5.000409386545217050e-01
5.000411075773518732e-01
5.000411409920269001e-01
5.000420985356964776e-01
5.000425812774113021e-01
5.000422185382593643e-01
5.000414344960789625e-01
5.000402771869785212e-01
5.000389555597940516e-01
5.000372895032650922e-01
5.000366112819136788e-01
5.000356211867637013e-01
5.000346224642788773e-01
5.000338871768267301e-01
5.000331338554471206e-01
