2.913926180459254223e-01
2.899008007410511789e-01
2.938641343308560083e-01
3.253192243741603873e-01
3.461192398983006235e-01
3.349165767294716156e-01
3.104424906572783582e-01
2.930710936455199755e-01
2.883268256928381845e-01
2.883196815117425871e-01
2.922189641354253631e-01
3.049673799995602508e-01
3.215888279579318665e-01
3.288966650475872999e-01
3.200319311218556839e-01
3.071044916338439013e-01
2.974220582644236943e-01
2.950838575864422886e-01
2.990235537219200213e-01
3.070066985817206939e-01
3.188701168070381398e-01
3.261595220807079754e-01
3.225031118037042788e-01
3.124526327698848860e-01
3.055343165340804745e-01
3.116213653795953942e-01
3.248391068280777061e-01
3.328103175029664129e-01
3.240305324368846218e-01
3.142697893077404103e-01
3.177179124879532246e-01
3.231655773904513751e-01
3.160129401596480925e-01
3.332692314175939030e-01
3.248214166718746965e-01
3.562991619865136794e-01
3.184588961098782089e-01
3.302743548488020764e-01
3.400299768052857941e-01
3.134836145966727328e-01
3.330687193543806490e-01
2.921211787625314082e-01
4.361691898454579386e-01
2.899613788311175000e-01
2.883679774217200453e-01
3.728478311067704443e-01
3.494834510424456031e-01
2.878870785701662660e-01
2.902870942504687246e-01
3.499015449387455901e-01
3.196356391532513275e-01
2.886489255893189831e-01
2.921341434704343154e-01
3.431166683812159057e-01
2.971951416328654227e-01
2.892620135161747541e-01
3.026670343376656191e-01
3.261431336860366459e-01
2.914069817914733962e-01
2.883687966219257159e-01
3.116356523863208494e-01
3.127690072803017696e-01
2.918168683759708726e-01
2.912020692105752318e-01
3.128418618003093732e-01
3.026037637320194706e-01
2.904668982998802607e-01
3.061366406443372101e-01
3.072813281146203890e-01
2.906655553233927769e-01
3.258173542139758405e-01
2.877671767043353812e-01
3.527625787904972166e-01
2.890559785453241659e-01
3.047825951832106028e-01
3.172323179271303584e-01
2.898215413555126352e-01
3.123059257198330663e-01
2.943864477321862516e-01
2.980391797986470248e-01
3.147479071494981850e-01
2.877792558961300706e-01
3.423828260105525878e-01
2.899267099080113930e-01
3.026803248481586550e-01
3.090622222999979130e-01
2.877662307535738817e-01
3.275924079203437200e-01
2.959060885632980309e-01
2.878251088613910103e-01
3.368537251098009389e-01
2.879895352928069086e-01
2.887369125062196895e-01
3.275764225681867536e-01
2.923676158417314319e-01
2.888716288640562624e-01
3.152225169978013497e-01
2.977222291123337028e-01
2.877751099588418127e-01
3.101858023781293161e-01
3.119378239339023473e-01
2.898458374774944835e-01
2.938101392160821224e-01
3.068105027213897662e-01
2.889580389627626200e-01
3.048148365533407400e-01
3.099594667097733680e-01
2.914624027387660021e-01
3.046118937805685212e-01
2.934163188579888004e-01
3.094284466689116719e-01
2.885748684844596790e-01
3.377813666340977461e-01
2.888247605003808616e-01
3.007466091689743326e-01
3.170783505752330367e-01
2.878109021290269354e-01
3.088717119465298477e-01
3.059665240525231145e-01
2.916460335995840758e-01
3.051780087162410116e-01
2.936272674201058086e-01
2.933818421618791250e-01
3.061981888032433430e-01
2.911743047665966699e-01
2.970618684269856757e-01
3.034011395783053899e-01
2.916200115360584322e-01
3.010822604855237783e-01
2.964202240161013524e-01
2.967203746192075275e-01
2.935651097786673436e-01
2.968907826336690814e-01
3.023598095576126576e-01
2.887354333867258038e-01
3.093704462473915173e-01
2.898502697297328234e-01
3.129183060949692896e-01
2.880700165420451153e-01
3.092395472075589735e-01
2.966267829141993051e-01
2.878444632319075991e-01
3.887170327589792862e-01
2.943826026025703202e-01
3.191169201275924072e-01
2.890907981552129913e-01
2.889622983285399238e-01
3.204253723393359898e-01
3.016786870862055991e-01
2.893877116627134871e-01
3.064130664664603820e-01
3.062125223239317018e-01
2.883866199818490017e-01
2.940212113366980073e-01
3.241002580475296213e-01
2.888198059346036572e-01
2.887425198689816952e-01
3.028655041875349951e-01
2.964467627828248908e-01
2.897072683532645465e-01
3.031424044752948355e-01
3.081415932236695188e-01
2.956265081581899157e-01
3.000775765154267694e-01
2.980561007545574626e-01
2.937483839179986234e-01
2.959522425406952983e-01
3.025422631926057981e-01
2.942184183464078284e-01
2.982731754570772109e-01
3.023749257293257831e-01
2.975194696746513712e-01
2.968319486912445182e-01
2.982707559621440296e-01
2.969652674831028127e-01
2.958306144684849093e-01
3.031892104247616571e-01
2.959241901593560042e-01
2.920123135052138386e-01
3.056043617126555922e-01
2.909852928530772820e-01
3.018313480401908500e-01
2.943482233573706530e-01
2.948886942308929227e-01
3.061943733853899063e-01
2.880100542989192380e-01
3.278714551507327934e-01
2.886886551481386842e-01
3.301562136199945874e-01
2.887648610493157575e-01
2.939133226244508013e-01
3.260604647996525607e-01
2.897999193979956534e-01
3.178905010448783708e-01
3.048962175828309196e-01
2.877674265359642103e-01
3.077509811211280866e-01
3.032461774375818653e-01
2.883287083849410681e-01
3.046389977671103422e-01
