9.651047326413174643e-01
9.985574830228227672e-01
9.042365499014345387e-01
8.613670663852688314e-01
1.147776291923251701e+00
1.149671692676299317e+00
8.698793870058654232e-01
9.783034313864630294e-01
1.019964207044950388e+00
9.247353641710780447e-01
8.657232824086092959e-01
9.894580156929981829e-01
9.029061901635730969e-01
9.611951912894165506e-01
9.352827653004388564e-01
9.612500323542535474e-01
9.974974440301380696e-01
1.075432730699495076e+00
1.023810960702062234e+00
1.164995337836653766e+00
1.068741627527574067e+00
9.140447157195115135e-01
1.102060729965569807e+00
8.618385343980893287e-01
1.127383732559045226e+00
9.763233635750608874e-01
7.375814835339244979e-01
9.540257946088236407e-01
1.120253553669584123e+00
9.366054783885181534e-01
1.166706694535526889e+00
9.671219075629724493e-01
8.907563931349722353e-01
9.257079461633477280e-01
9.266648472125259550e-01
9.186383895917785702e-01
8.995580944444423466e-01
9.373320671295998219e-01
9.325045350025601421e-01
7.093958733006335837e-01
1.080806864208571083e+00
9.017327178022213063e-01
7.936256059173693034e-01
6.849073024535339282e-01
7.261475813832281023e-01
4.642980961671185902e-01
5.114650930050945732e-01
2.342903484187062180e-01
6.198548912444332704e-01
4.099361735322466505e-01
5.602569927957081752e-01
3.021024572715762524e-01
4.196987629047400636e-01
5.408613265115042035e-01
2.220355628870517295e-01
7.641499687538890750e-01
6.241996820345698804e-01
5.550599980354722351e-01
3.847538465023540022e-01
5.987838843629036401e-01
6.649200403192270237e-01
6.897353350933652649e-01
3.372340015288997073e-01
2.834438617594191578e-01
4.255905947609734952e-01
7.099477113461800659e-01
4.863993496211579393e-01
3.421525677172746471e-01
4.982365836596125419e-01
5.978906544185879079e-01
3.924071196734054690e-01
5.632165249321450240e-01
2.114494001941195078e-01
5.396391922761758497e-01
5.366294264384630086e-01
2.724759672386584120e-01
6.443254816045287381e-01
6.543860766825232433e-01
5.985467120046301659e-01
6.256127056678899567e-01
3.042255106823849031e-01
6.020489169428691056e-01
4.882732360652084491e-01
3.850518745699611500e-01
8.369345137424287762e-01
5.834341683541020007e-01
3.812099027231585779e-01
5.215325847066263343e-01
3.453131535059703605e-01
5.426129424892776054e-01
3.601613886153161026e-01
5.173763126148145375e-01
6.047419507413313022e-01
4.799365443564241884e-01
4.929553099076321443e-01
5.092233893312602122e-01
3.637092293869548243e-01
6.094043875654213682e-01
2.423759565142939998e-01
6.707044647220851141e-01
5.744437716355301760e-01
6.063905576339931880e-01
3.149213655266852596e-01
4.240080149760968586e-01
5.981837625415953319e-01
4.354576373065444095e-01
-3.645742362025936600e+00
6.641626599375337614e-01
4.417230963064319171e-01
4.689646724101003139e-01
6.206344959034216791e-01
5.826897629977765281e-01
6.334664665130309569e-01
7.280822899955399219e-01
7.623763390167336285e-01
8.480355604419387294e-01
7.106058858618615748e-01
7.202218327668246101e-01
8.539607465607759185e-01
7.424571239001687140e-01
7.497888427774970221e-01
7.049812949503142523e-01
9.667546719981026104e-01
8.810823542310360912e-01
9.192226597452979320e-01
9.025472339261472188e-01
8.045447243266731219e-01
6.819023539776161158e-01
8.216180599989806321e-01
6.469405130833619788e-01
6.983830689191992125e-01
1.042974437894002460e+00
7.568828079833656020e-01
8.267693534129945121e-01
8.745184213425610809e-01
7.612966229861753975e-01
7.939478377055392277e-01
7.601264425923079937e-01
9.351372394593338022e-01
7.691901421180542542e-01
7.012709371453331730e-01
8.502389725681578359e-01
4.954168971254219178e-01
6.891952434982123732e-01
6.405562068403375386e-01
9.134511076693425657e-01
6.269017687260343141e-01
7.933654134485533804e-01
5.470359824409505300e-01
7.197055620448278290e-01
5.456505410552674462e-01
6.166446977789239448e-01
5.944704720256881458e-01
5.144776156324393224e-01
4.804061917290335382e-01
7.855300166281307117e-01
5.988949611985446841e-01
6.346967336962798800e-01
6.255125898671778373e-01
5.681744505217205532e-01
6.681719437106297121e-01
5.377962874721371467e-01
5.754060671262978266e-01
2.623347271894808097e-01
5.922384146206819411e-01
7.347349134535263726e-01
4.303552181330820847e-01
5.634827844006371489e-01
3.945158902614077645e-01
3.132097962986141182e-01
5.067366913484383506e-01
4.192376417414398482e-01
5.751667711965993135e-01
4.848262922913810780e-01
4.450926374579988742e-01
6.443297785234660680e-01
5.529879957732510842e-01
3.651859610795297195e-01
4.312664416149183388e-01
4.034430114635377818e-01
5.264739048690089129e-01
2.159053614487705941e-01
3.569089326245798999e-01
6.622689059733432027e-01
3.642321677575771632e-01
4.274091167308562422e-01
4.674168442436891224e-01
3.621287603215119777e-01
5.660921450930762600e-01
4.740185580714453284e-01
4.812966297229478441e-01
6.965400811981927731e-01
4.511402769142871527e-01
4.619943772922439074e-01
6.530992103797278459e-01
4.782221405233514355e-01
2.404272996319053446e-01
4.748003152581082853e-01
4.309645687250973634e-01
5.765409086188144627e-01
