8.666851062517054727e-01
7.516408887451868637e-01
6.470013930001158320e-01
5.769261189768775111e-01
5.632541952328735668e-01
5.948357072231458265e-01
6.110647645286215734e-01
5.995804316831712111e-01
5.789988299943429340e-01
5.661312736866054296e-01
5.620710041367925625e-01
5.675164111578681059e-01
5.752199213654939358e-01
5.782969716289396711e-01
5.772217768550342853e-01
5.707784361078720448e-01
5.653163154793977574e-01
5.621048092317645350e-01
5.621598593583483350e-01
5.626432126777327625e-01
5.678853844409076368e-01
5.693148223792134921e-01
5.672032158213424768e-01
5.644857414094988091e-01
5.638369628693824520e-01
5.618418965864930836e-01
5.631177217741851759e-01
5.637459583698337662e-01
5.618043864674697740e-01
5.662215250437936387e-01
5.642768754363609585e-01
5.646512944421138158e-01
5.625624219666436332e-01
5.619224703874835525e-01
5.636878994901033391e-01
5.601383955422722938e-01
5.631437526309992503e-01
5.630261650864092360e-01
5.626306288909908027e-01
5.621898816198311888e-01
5.618953206761762020e-01
5.618609460856842652e-01
5.619450156372058913e-01
5.621323976903006558e-01
5.597810305423860378e-01
5.624017962816931782e-01
5.635069376048038592e-01
5.622551275998736164e-01
5.619465644204962862e-01
5.619286155574341191e-01
5.619380929785575685e-01
5.632447408792691235e-01
5.621096199034099072e-01
5.621029410275395488e-01
5.619434207768225775e-01
5.618693160017640409e-01
5.618921370739753396e-01
5.619659052669923049e-01
5.620122037765469258e-01
5.616726849667836863e-01
5.619198102756847168e-01
5.618879499158891955e-01
5.614404917641989679e-01
5.593967502775970546e-01
5.617966340287047222e-01
5.620824728397936232e-01
5.619902216165997277e-01
5.619889355064120462e-01
5.619900486897788650e-01
5.620360233099294112e-01
5.617905973954915311e-01
5.620491306616856031e-01
5.619497600095602063e-01
5.618269139660591049e-01
5.596263271983747956e-01
5.631096004320134130e-01
5.591119794487087180e-01
5.605591477222513497e-01
5.619278847072595173e-01
5.619908592836053707e-01
5.618401942083143252e-01
5.617323187902387716e-01
5.619013512303672186e-01
5.620374727090895473e-01
5.618989349533167754e-01
5.616559757960108978e-01
5.619404917699042379e-01
5.627918599752610440e-01
5.617677745863396410e-01
5.621628185285505452e-01
5.628925717283514985e-01
5.617917691508633737e-01
5.630103700441708714e-01
5.619197754824933888e-01
5.620896104945846128e-01
5.605154654251526258e-01
5.617796376133179503e-01
5.619246115843712364e-01
5.619822367710851641e-01
5.627995903732394556e-01
5.629612358386304471e-01
5.620796777965491042e-01
5.619062144357693800e-01
5.629148901344700473e-01
5.617978940475496508e-01
5.626909908024340101e-01
5.617333783916580447e-01
5.618189833477085227e-01
5.619390019712657836e-01
5.618478788247255329e-01
5.618499998663146755e-01
5.628944332965020170e-01
5.617719232801230422e-01
5.617778354815285979e-01
5.619469120335107704e-01
5.618795542808019405e-01
5.618323910686724432e-01
5.613125676227507244e-01
5.619150636792094033e-01
5.621806846277408454e-01
5.628798328680406637e-01
5.618848419844779674e-01
5.612510847370881795e-01
5.626489493960130650e-01
5.631426677136770476e-01
5.617978052234990916e-01
5.619441441453829622e-01
5.611123941486267919e-01
5.592915771039105310e-01
5.619762780415925585e-01
5.621201651727757431e-01
5.617698705708906726e-01
5.619279636521734567e-01
5.627749012707459197e-01
5.618395272230589654e-01
5.617512061483176389e-01
5.618206441382651573e-01
5.619123555545915139e-01
5.619018848327691495e-01
5.609993090822348316e-01
5.626871827954220695e-01
5.626833841310581175e-01
5.617804224184828055e-01
5.620739364499546253e-01
5.619037703038614051e-01
5.617661922164702837e-01
5.610644833419620170e-01
5.610649143261556837e-01
5.618533511995271734e-01
5.620258294072232319e-01
5.620412112302710650e-01
5.592021004307851095e-01
5.620845764813935386e-01
5.618817710047201430e-01
5.617183701207486557e-01
5.626254899548273070e-01
5.603608748178094956e-01
5.617538367484911088e-01
5.612820470127266592e-01
5.627678043870110169e-01
5.619361856789408805e-01
5.632188202223561424e-01
5.617241249391262681e-01
5.617778103403373580e-01
5.618124240473824083e-01
5.632564307188967501e-01
5.618499835567303258e-01
5.608587409715600769e-01
5.618706182462288590e-01
5.619056461460154583e-01
5.617801362022406542e-01
5.621858466333153892e-01
5.617628692693308334e-01
5.623126342968158831e-01
5.618924170470309676e-01
5.619305856562868406e-01
5.620014347556221423e-01
5.619275772732870156e-01
5.593112087798230991e-01
5.634130279780469319e-01
5.620140678211611451e-01
5.635138451148909988e-01
5.630592503239899571e-01
5.618384571801111615e-01
5.621120503113111733e-01
5.618827850945226077e-01
5.618000500058675240e-01
5.619714396525827826e-01
5.627899757606957820e-01
5.619285345105853313e-01
5.620908561419883931e-01
5.605330925683384979e-01
5.618816939387099030e-01
5.618491313525865172e-01
5.618201062545631341e-01
5.633734890289792130e-01
5.618295035899889545e-01
5.619098929199877190e-01
5.617345082471074669e-01
5.632848107894692369e-01
