5.388407010653342155e-01
5.287300655470890121e-01
5.287807520744574052e-01
5.109351464180182933e-01
5.134799672467051934e-01
5.211664847521527699e-01
5.206584438884952482e-01
5.123709630302768492e-01
5.096955865635270921e-01
5.149622139206430083e-01
5.147652993317246573e-01
5.126257840142426359e-01
5.099935203649795801e-01
5.100759883938197348e-01
5.118471166253768523e-01
5.126196442324985059e-01
5.110315000579650491e-01
5.105200229233857190e-01
5.100457572949483875e-01
5.106623546610438158e-01
5.107559113811737106e-01
5.107579334122080983e-01
5.091041881113962386e-01
5.094760439763756921e-01
5.091612676687373717e-01
5.100680268939630224e-01
5.101836546215474666e-01
5.098793950443887280e-01
5.153231887764289088e-01
5.102160733665033199e-01
5.102487706428590064e-01
5.100627065194045517e-01
5.118813805945312545e-01
5.095991546229323710e-01
5.101191969178974217e-01
5.121367655241242378e-01
5.096189663116197366e-01
5.100171067085286225e-01
5.099802203947778612e-01
5.075448959930382031e-01
5.099990607828182032e-01
5.094403481058953354e-01
5.095186266846966072e-01
5.096784484517219438e-01
5.095804296325028293e-01
5.100431380507437495e-01
5.094822793300348707e-01
5.086758872987958702e-01
5.095138861921094664e-01
5.138775351521509549e-01
5.094250603313612569e-01
5.099547817979106501e-01
5.087536592001684621e-01
5.087874126793072715e-01
5.086973205813748455e-01
5.100402802536596614e-01
5.088672872734401054e-01
5.095630592006931137e-01
5.084471369228915627e-01
5.089022876501478887e-01
5.150997078820485076e-01
5.095151547961305205e-01
5.093719337636231081e-01
5.095665480948725623e-01
5.129316800495461459e-01
5.096008687816706573e-01
5.115803925510020722e-01
5.096035495866135800e-01
5.138099523036052663e-01
5.096490589625528589e-01
5.088806783909869402e-01
5.121792834880061207e-01
5.100148414062319890e-01
5.096298955549372067e-01
5.096689639087226276e-01
5.093868009563543575e-01
5.101985009728697840e-01
5.094029916984652573e-01
5.120708994876077558e-01
5.135064961785797966e-01
5.122021714979300144e-01
5.113186188208364014e-01
5.101462006119559245e-01
5.093589980167537723e-01
5.093773835786730153e-01
5.094659264325784864e-01
5.099199104952576445e-01
5.099503943742652590e-01
5.121344738085491510e-01
5.097194127660009677e-01
5.087494025299175160e-01
5.121992605371146201e-01
5.095699001313107601e-01
5.097830457621922440e-01
5.090992031570935605e-01
5.096590280846327037e-01
5.092897032015868408e-01
5.117942831143584836e-01
5.100932974357546001e-01
5.097702479256109864e-01
5.132524305974841550e-01
5.092395572563253037e-01
5.097836005545584026e-01
5.101861530342848283e-01
5.099197643836921312e-01
5.097628182741018588e-01
5.132007241106781859e-01
5.122831191857534217e-01
5.083765341646948599e-01
5.091619893059773361e-01
5.097824424100527718e-01
5.095045611895475668e-01
5.098411641908222602e-01
5.091667616239110572e-01
5.095849490676531701e-01
5.092824253385451749e-01
5.096918712341361735e-01
5.094412556712313300e-01
5.096619923430909527e-01
5.094984169914140715e-01
5.099347522454666937e-01
5.110417790188240827e-01
5.070608512575829341e-01
5.095321505618376490e-01
5.092373971533248334e-01
5.096971527057659879e-01
5.092449128547182902e-01
5.093512853560402398e-01
5.094132019484073348e-01
5.097614096422546925e-01
5.099322020022231117e-01
5.094345231326776746e-01
5.124780096557923770e-01
5.082614351360528193e-01
5.092132966140694439e-01
5.131401280149905375e-01
5.093744467737051362e-01
5.086654848311298327e-01
5.099290096110803416e-01
5.092848969777059587e-01
5.096742571375909581e-01
5.085774566326264345e-01
5.090505188117184776e-01
5.096253715333818324e-01
5.092324283002283014e-01
5.097521617228730761e-01
5.133170666075663746e-01
5.094685793512883087e-01
5.107312252072908620e-01
5.129344627459582195e-01
5.100292661918243153e-01
5.100376984685366377e-01
5.101221061319392014e-01
5.121787141620754991e-01
5.112769677891776388e-01
5.136168007128234514e-01
5.128691495918313858e-01
5.122540630398630945e-01
5.078300348842643697e-01
5.092394230988304127e-01
5.088697375475277340e-01
5.091188000761943666e-01
5.092125997209301369e-01
5.083419992318195524e-01
5.091876369364130017e-01
5.092185029917117856e-01
5.092157375325183644e-01
5.119264183380214384e-01
5.099928900686138133e-01
5.117878445070662696e-01
5.093875510521510552e-01
5.096644343465686067e-01
5.100316418702193211e-01
5.076344814073502354e-01
5.096556568337138327e-01
5.097999017118246545e-01
5.100138362228678890e-01
5.095787365718456030e-01
5.072168214644401374e-01
5.102007758600262122e-01
5.097593305815186771e-01
5.091462268191803142e-01
5.099422080186852835e-01
5.093433077125061326e-01
5.080563360373657744e-01
5.099213251008745118e-01
5.097226500195288779e-01
5.096329801534188464e-01
5.092867961594236270e-01
5.093670724975678521e-01
5.100058568236012224e-01
5.105187947081051281e-01
5.098604175524030779e-01
5.098297320319593595e-01
5.095513385249688110e-01
5.119111952290464895e-01
5.132497676961964572e-01
5.091322128340497466e-01
5.093061883096579034e-01
5.081841016188173299e-01
