5.323424427200067477e-01
2.194843749166845992e-01
4.547414090218671046e-02
7.535312595503884658e-02
1.388967111083988515e-01
1.259573745941713341e-01
6.715588796978733122e-02
3.534536441492674985e-02
3.084606959897751022e-02
4.564285520662292317e-02
5.984290409801795718e-02
6.713931413964990824e-02
5.460949962382599665e-02
4.669567031033983184e-02
3.559232349962992981e-02
2.980888066452802576e-02
3.243264154612601757e-02
4.080491510065897831e-02
4.253564674205378981e-02
4.331940250947585724e-02
3.368175726804067960e-02
3.380307015030581397e-02
3.549965493995899113e-02
3.675989548763614057e-02
3.226197329319857587e-02
3.702807748497571882e-02
3.972107311321737555e-02
3.994570722440182742e-02
3.918527589258335997e-02
3.058680611208419720e-02
3.289427471996275720e-02
3.319155886366143005e-02
3.507189178449887645e-02
3.503982904558033962e-02
3.730064199143978687e-02
3.317582984864353435e-02
3.314533595709789893e-02
3.246874577047520471e-02
3.200296200155894333e-02
3.289299288510616481e-02
3.394301937376642542e-02
3.385404046170348291e-02
3.379897104235762839e-02
3.065292364285032711e-02
3.298062240691324032e-02
3.014809162464004988e-02
3.180276745782772974e-02
3.889018393790100170e-02
3.320433480356388412e-02
3.129293790048803814e-02
3.238555939177589771e-02
3.994805453288308161e-02
3.166096547638264092e-02
3.280305555976137377e-02
3.291829138195401239e-02
3.287927739594498355e-02
3.027226102388169693e-02
2.852996721673828340e-02
3.945330417335413120e-02
3.268349763268940666e-02
3.068896435625634300e-02
3.289070674514160686e-02
3.619537443061315862e-02
3.301706170152851616e-02
3.599660811552607420e-02
3.784415186503420347e-02
3.298426788742891969e-02
2.829668865800638589e-02
3.079587127376559597e-02
3.571361297425101888e-02
3.304538673189771902e-02
3.208358780291031831e-02
3.624426247783474331e-02
3.370983933043747438e-02
3.288258412244915441e-02
3.285657960743504358e-02
3.282349704156306558e-02
3.310649831605905202e-02
3.097294854888621440e-02
3.606031263145492716e-02
3.291275655929393196e-02
3.599564804446198085e-02
3.434961870058028666e-02
2.966756862357355917e-02
3.320220772965543077e-02
3.262909942540770381e-02
3.264892069963964971e-02
3.330138892760547975e-02
3.445465895448662774e-02
2.715228146281389865e-02
3.043370131270506374e-02
3.284830477505662483e-02
3.256578828958334171e-02
3.081098418786576421e-02
3.307392468253855800e-02
3.286743415320014794e-02
3.599219297828182285e-02
3.392640360374277186e-02
3.372327007525510734e-02
3.052917099992724648e-02
3.293258450356550959e-02
3.223336813734223316e-02
3.377061155381899660e-02
3.298294514450983428e-02
3.256634374200872983e-02
3.437973044260256295e-02
3.551623681324700410e-02
3.244297617269698009e-02
2.886668055876340233e-02
3.258850354457831777e-02
3.510906900462307245e-02
3.300238939509148040e-02
3.087416250055441402e-02
3.285383300331257139e-02
3.138286892500219416e-02
3.097404134027315070e-02
3.333353374385250589e-02
3.251815824040993341e-02
3.218449176149451585e-02
3.149368066591506921e-02
3.235472374269532381e-02
3.560662336351061441e-02
3.122751686840319341e-02
2.871766579837531363e-02
3.207301502376769253e-02
3.247235380187296627e-02
3.190627583954930291e-02
3.209769908700732532e-02
3.220899888344719297e-02
3.601262831869067593e-02
2.993238765662042944e-02
3.210046052985704446e-02
3.384484935764331404e-02
3.253920346172212152e-02
3.110108629041408168e-02
3.805027205232736076e-02
3.394420508781237356e-02
3.301612700853551186e-02
3.291786942787322534e-02
3.054499652360842532e-02
3.224605187143825269e-02
3.115835469805905422e-02
3.025350204709054136e-02
2.861357126998054223e-02
2.765764331498077322e-02
3.245990821088384770e-02
3.233369919152484506e-02
3.277147176763262060e-02
3.222770754959058959e-02
3.375392533473997592e-02
3.346236472260921690e-02
3.304640967290817244e-02
3.290646100174210442e-02
3.212284842206258872e-02
3.370006707397488199e-02
3.614978528749224207e-02
3.403642178416754760e-02
3.280834940566568214e-02
3.293792282269292215e-02
3.256262606246951297e-02
3.259806983475810327e-02
3.284162145318991755e-02
3.663071379804438976e-02
3.309103985675820869e-02
3.544419981430868560e-02
3.316533270547605827e-02
3.468141270638536167e-02
3.250980827164373643e-02
3.663293054624094935e-02
2.866359569854248779e-02
3.277286728701311880e-02
3.602195975383293280e-02
3.269763895324073744e-02
3.227479664457144626e-02
3.256217365265701158e-02
3.603592978483138864e-02
3.462565931083216864e-02
2.893011793247457497e-02
3.115107278573669980e-02
3.310336792533630224e-02
3.251586401063288889e-02
3.105589664695318497e-02
3.648246346551875519e-02
3.051810654958553304e-02
2.879761534484770458e-02
3.090981176399720809e-02
3.376905267282070966e-02
3.443197588706592427e-02
3.401198719457165787e-02
3.745157164587231691e-02
3.375613972708735311e-02
3.259677466060761919e-02
3.350386032644647738e-02
3.336976326261631431e-02
2.985862911018188903e-02
2.982261815076581168e-02
3.213355213552659961e-02
3.160849599978476920e-02
3.637259926471358984e-02
3.630943175816636614e-02
