2.228811181255256901e-01
1.962526231899295315e-01
2.050640807123005338e-01
1.793553370901925792e-01
1.776654407769501232e-01
1.897191191849115777e-01
1.922153212259876121e-01
1.812525697671207858e-01
1.745290316186089985e-01
1.798848909739908519e-01
1.812394714720327871e-01
1.812635076552706614e-01
1.769243497833741241e-01
1.750287020314357234e-01
1.763611872146603199e-01
1.787418036432640855e-01
1.796135115498204149e-01
1.765291160706050633e-01
1.756295073788700645e-01
1.749670229777016139e-01
1.764456684422364141e-01
1.770388961437668884e-01
1.765902348287485824e-01
1.749200798277703583e-01
1.745308204640995120e-01
1.758206856865982548e-01
1.756095804114070624e-01
1.746019681595609718e-01
1.795957102830686436e-01
1.750412123949396381e-01
1.749713155576252399e-01
1.752333550243087013e-01
1.771542912018674309e-01
1.751128979782837769e-01
1.740156625990170181e-01
1.779343933118411325e-01
1.732481208135087103e-01
1.755801669998652281e-01
1.754841027620606120e-01
1.709412308278953629e-01
1.748238902742577094e-01
1.743492766725179832e-01
1.747186475238586834e-01
1.749198530331653734e-01
1.731886434722295087e-01
1.738531835050559637e-01
1.744860439304669608e-01
1.747153012808976280e-01
1.745880083839641550e-01
1.789845232098028482e-01
1.743565090542452678e-01
1.739373781581105005e-01
1.748265585845981684e-01
1.728894993607368313e-01
1.746243421212146929e-01
1.753080119293417560e-01
1.749348825961084541e-01
1.746177724166448897e-01
1.742965860044480841e-01
1.749750746739148211e-01
1.796279106820327653e-01
1.744958234640959782e-01
1.742449035524532563e-01
1.745685506202039328e-01
1.777144479658996357e-01
1.746658362384042595e-01
1.759926741316116816e-01
1.746512251738892019e-01
1.789966346181358636e-01
1.747293687291064934e-01
1.749547183385143923e-01
1.772225400357713143e-01
1.752644801050116108e-01
1.747048594561557699e-01
1.747525093233989191e-01
1.725421238791282619e-01
1.755291844965107817e-01
1.743564254512915968e-01
1.780934219652045014e-01
1.785864012886990704e-01
1.782607596790390936e-01
1.772912027737669760e-01
1.742361617971084353e-01
1.742882015927569306e-01
1.743078314557027220e-01
1.744488748250628829e-01
1.751384071745853976e-01
1.751799063329980699e-01
1.781967042153985714e-01
1.748381249615291733e-01
1.747568630753336683e-01
1.772047780315171295e-01
1.746142406393780266e-01
1.748806304496849373e-01
1.738868292358105583e-01
1.747447982725902627e-01
1.741891196798630581e-01
1.765779702890191150e-01
1.753961501993538397e-01
1.749194064279302463e-01
1.768664220203015613e-01
1.741079629274949747e-01
1.749353829948632200e-01
1.755400567897499320e-01
1.751414274010713035e-01
1.749011626715065715e-01
1.780794382858520430e-01
1.773058264636577785e-01
1.743953039703416419e-01
1.726003751126651276e-01
1.749290399127789719e-01
1.745129635885337427e-01
1.732230459020229763e-01
1.753135272348319562e-01
1.746287421034492526e-01
1.741782753127287808e-01
1.734776522176474378e-01
1.744088316838227071e-01
1.747543925287738942e-01
1.745020186916852456e-01
1.750852948761667527e-01
1.782578783097023001e-01
1.702556380637804123e-01
1.745576435019373651e-01
1.741079556520003235e-01
1.735260027279106332e-01
1.741160284318868934e-01
1.742785733972153084e-01
1.757649187358165666e-01
1.749007416684691396e-01
1.751524455321248341e-01
1.744071539636015133e-01
1.770767913561449580e-01
1.742931688257456369e-01
1.740745223907984585e-01
1.779870371436822474e-01
1.743110113955589346e-01
1.746523466575620187e-01
1.751533639024199784e-01
1.741806274335111482e-01
1.735251203162050393e-01
1.736443351352420228e-01
1.738151969684438303e-01
1.734516041896233540e-01
1.740992767016787957e-01
1.748884345549680530e-01
1.782358587801570193e-01
1.744601578005560150e-01
1.757198129269420539e-01
1.788580307655570634e-01
1.761518129939366739e-01
1.752836376987741973e-01
1.754387935469301496e-01
1.782210005736576397e-01
1.762873573566315910e-01
1.774621284098166774e-01
1.757864981655653525e-01
1.770924846644669204e-01
1.737981006574830234e-01
1.728620338630108000e-01
1.750198555994422200e-01
1.753822582210500247e-01
1.740644869614282886e-01
1.746797151523508118e-01
1.740099911735888405e-01
1.723471218535097549e-01
1.740740611992782627e-01
1.761391225793000892e-01
1.751976144274585145e-01
1.767360640865252019e-01
1.743135018031736205e-01
1.730320852644067209e-01
1.752998138157976227e-01
1.725446893229768408e-01
1.735546878400535675e-01
1.749320167500618695e-01
1.752813806612030234e-01
1.745877271306376377e-01
1.745789692137491578e-01
1.744458364439392950e-01
1.748893196045281373e-01
1.728049884067683895e-01
1.751543086743072575e-01
1.751727379792257233e-01
1.744827791001531958e-01
1.751118065743451080e-01
1.737533593334209536e-01
1.746953841358354076e-01
1.730670466657392437e-01
1.742948784099479509e-01
1.752641318927246061e-01
1.760016108736874862e-01
1.750375676729097885e-01
1.750042897202136460e-01
1.745708524262470362e-01
1.765228015612114731e-01
1.770167994799288769e-01
1.739374194977962862e-01
1.741949165067566696e-01
1.729244423720381896e-01
