1.077429664864228975e-01
2.067267564711539052e-03
2.965764470024301325e-02
4.417124901871027909e-02
2.484029281860078431e-02
4.804899207810575668e-03
2.151415069327589080e-03
1.695245969583492052e-02
3.296818317921768049e-02
3.909393500836011448e-02
3.402194585228790480e-02
2.194358396037565662e-02
9.214362534434750174e-03
1.676420387929811184e-03
1.136929782609152895e-03
3.136193796726138849e-03
3.331576585262063794e-03
1.717117989732508399e-03
7.149342762444721444e-04
2.125257331346164236e-03
6.037356119436787516e-03
1.014901043229143873e-02
1.301800605327030347e-02
1.331329375663492520e-02
1.105983925455622519e-02
7.485019116767799296e-03
4.033718182439693933e-03
1.802244195508118096e-03
9.003785626672256015e-04
7.247860696362184996e-04
7.251498045095505773e-04
8.728760364423715501e-04
1.517555088367594784e-03
2.882535305719247098e-03
4.713493873051199934e-03
6.363191501936316108e-03
7.160703758208097902e-03
6.875503359451307084e-03
5.610561934465740919e-03
4.022417400506017593e-03
2.672232332100898944e-03
1.808114858766418642e-03
1.433248000786369047e-03
1.399488725990716276e-03
1.655437085304023448e-03
2.221051481107627623e-03
3.035762120879303971e-03
3.918392288790539801e-03
4.617300908409727178e-03
4.872654515329810643e-03
4.644102026922558579e-03
4.073840326986766236e-03
3.293867885801993189e-03
2.635611934845738524e-03
2.208813514519625265e-03
2.049700624291994622e-03
2.148195230516458665e-03
2.440656782437988781e-03
2.894491700344059559e-03
3.342401432091857139e-03
3.687045947603384555e-03
3.848058715721802692e-03
3.777477079698776663e-03
3.528022716979384299e-03
3.204209750043096605e-03
2.865789105958804761e-03
2.625607299499455038e-03
2.478481459688430810e-03
2.504581984364651071e-03
2.671757176086697605e-03
2.919290179041800215e-03
3.174881167372967106e-03
3.354429175782880357e-03
3.402886340626354311e-03
3.272982578249150620e-03
3.087567017839742967e-03
2.944597927498682211e-03
2.835377695479257554e-03
2.771284998380751929e-03
2.801536768685664036e-03
2.923595042385707110e-03
3.087221592223632349e-03
3.208666911019397716e-03
3.209548701892050993e-03
3.141974307521500087e-03
3.034108219949649410e-03
2.955525174545337030e-03
2.904540161593915926e-03
2.888929080101854119e-03
2.903100200107422424e-03
2.938745821393973223e-03
3.032967661787844271e-03
3.158316533106053647e-03
3.207505913195740632e-03
3.226866435049324799e-03
3.207057753837228020e-03
3.129344582923243578e-03
3.045002555474018990e-03
2.963022296208484008e-03
2.963350133903142059e-03
2.977655388349598198e-03
2.949789709156158679e-03
2.960616222389411689e-03
2.981021928310068070e-03
3.045983919882533364e-03
3.073549023374866351e-03
3.080923280087244365e-03
3.065921292288109612e-03
2.979027263283362537e-03
2.889366003045346076e-03
2.887307959508866873e-03
2.843095763624070571e-03
2.873750853444656528e-03
2.958765310235422774e-03
3.033331802979044589e-03
3.119893286197772397e-03
3.177645050821742423e-03
3.120480245889178939e-03
3.046554127671408096e-03
2.955537730178869893e-03
2.937483644101290814e-03
2.880803547930521624e-03
2.879392640389499824e-03
2.943594702254248574e-03
3.018450833484842555e-03
3.102661759882052728e-03
3.163556958612923076e-03
3.138415594944543585e-03
3.074607612881696816e-03
3.025489284743332341e-03
2.915694596245521630e-03
2.856487661139772705e-03
2.859981768749131348e-03
2.923503546837236122e-03
3.015931420705220134e-03
3.132849928670244921e-03
3.210120108376068870e-03
3.225947974186516021e-03
3.154963286331358141e-03
3.068544940586170888e-03
2.970860391083962604e-03
2.900719114535155185e-03
2.889569258412660879e-03
2.982371664452920790e-03
3.047696128214871791e-03
3.121302241723022952e-03
3.190039899168106707e-03
3.209581240497305643e-03
3.188114037852463056e-03
3.052228630222475481e-03
2.935466024870825308e-03
2.902556093897112888e-03
2.973885282250288142e-03
3.054454898643532701e-03
3.152353627461912389e-03
3.101146548053046459e-03
3.082969659874756907e-03
2.981686866121546764e-03
2.829180699806421728e-03
2.793390761377301246e-03
2.871523760545002801e-03
3.013926248606968450e-03
3.166420681161574713e-03
3.277586750139893645e-03
3.247692584128381021e-03
3.026571303430980464e-03
2.827030057030333055e-03
2.730927396241256133e-03
2.750538158175719339e-03
2.910929321263133751e-03
3.096909364057043312e-03
3.231262517669253320e-03
3.324110434401394976e-03
3.248712936667286222e-03
3.109321578488644100e-03
2.977051488457171935e-03
2.891524300878467457e-03
2.907569668419096587e-03
2.924322548679358924e-03
2.978764239584097417e-03
3.122042054019669166e-03
3.128258334722300305e-03
3.113265358074213118e-03
3.041210874798250252e-03
3.066730992266619715e-03
3.046552080387510131e-03
3.000541817139712464e-03
2.905776894504330521e-03
2.890257757211744938e-03
2.835022552560073628e-03
2.848887863718729818e-03
2.844858274852035684e-03
2.961682864769832335e-03
3.103777390656370372e-03
3.109552815573013440e-03
3.036139150553673893e-03
3.008803818310701317e-03
2.955927216230724852e-03
2.909453548289198110e-03
2.997743584108980563e-03
