5.224602041261405816e-03
1.282713581695893446e-02
4.276980451985989973e-04
2.629416312617260942e-02
5.953409962453037885e-02
6.039292539497442824e-02
3.620223363245111958e-02
1.172618093787003435e-02
1.239531801740523242e-03
1.967479905872204782e-04
1.617608057652430986e-04
1.881684873136668656e-03
9.633109496643199599e-03
2.191828271261153649e-02
3.176807132115133658e-02
3.309353753645150054e-02
2.615752332356036103e-02
1.563654182298457318e-02
7.132241346974654839e-03
2.874060482423113072e-03
1.801088115149673818e-03
2.671736706167271436e-03
5.830671649574847848e-03
1.142993963814753489e-02
1.763683863453568978e-02
2.142078923522838796e-02
2.097265081744059678e-02
1.685050167011481470e-02
1.183018974814042945e-02
7.735427362315805411e-03
5.432322765123065444e-03
4.949338956563908987e-03
5.943856334722386059e-03
8.408496840044188403e-03
1.170794887093495884e-02
1.447394259175494025e-02
1.558193855083778168e-02
1.468574607279671262e-02
1.238514659061973333e-02
9.723347785526859077e-03
7.899283681423674430e-03
7.196221807808211857e-03
7.654052897974494840e-03
9.080548068825522456e-03
1.094701238244366603e-02
1.251681851299868420e-02
1.318392483454067232e-02
1.278198678945274835e-02
1.151578088729265925e-02
1.031015508959187699e-02
9.316289199532978849e-03
8.814236976790179590e-03
9.043772577443265348e-03
9.754106774653381606e-03
1.068989117512042508e-02
1.146572080547691996e-02
1.174298627299308340e-02
1.144442395969291759e-02
1.083146261891088091e-02
1.011649735277020401e-02
9.904461133437569842e-03
9.934417826327424095e-03
1.017343895703948231e-02
1.050457959439632383e-02
1.110954227075233725e-02
1.136577622049705916e-02
1.096311796451776566e-02
1.037078221169074332e-02
1.021177736017064852e-02
1.016744336108377222e-02
1.023645232641168246e-02
1.027435749395322340e-02
1.038136243285803229e-02
1.050210549586327868e-02
1.057849694617762903e-02
1.048459418875347104e-02
1.037456667217462325e-02
1.030229361534995558e-02
1.007998500243345585e-02
1.041546100296031341e-02
1.050521862553011054e-02
1.041095777663758604e-02
1.026722242364275228e-02
1.021879652095036839e-02
1.028104519392147864e-02
1.041333058416171742e-02
1.054276056753744584e-02
1.060326942686340423e-02
1.033174315493379236e-02
1.013945913756908457e-02
1.009818276992124897e-02
1.010386114174899319e-02
1.028084429725661941e-02
1.069753034909870504e-02
1.093706530381910458e-02
1.088126612548401262e-02
1.058822638817913386e-02
1.010516996716137594e-02
9.850975507114334562e-03
9.936644750140444238e-03
1.063413639478294481e-02
1.116907302952385717e-02
1.124203333587936449e-02
1.085403377851790196e-02
1.027359607342137604e-02
9.848640330297642187e-03
1.021680214696196742e-02
1.053327045044449850e-02
1.086556263754889784e-02
1.084528899251691048e-02
1.058852694118761484e-02
1.026904756369617644e-02
9.976258605287835479e-03
9.895133974944680944e-03
1.013398006695886977e-02
1.052868544392548955e-02
1.075957659169379799e-02
1.077306656739429602e-02
1.058070150037604407e-02
1.031914244172649209e-02
1.034578264197882902e-02
1.024705285950133771e-02
1.014279161091580228e-02
1.022489161981843253e-02
1.042613538110925830e-02
1.053957254295845303e-02
1.057534305270557695e-02
1.051796002125360285e-02
1.039197686405557430e-02
1.030305226368677385e-02
1.030364961145824321e-02
1.038537738665123999e-02
1.088080693764048590e-02
1.116129335315818594e-02
1.093887426790640660e-02
1.091061279156257946e-02
1.057235571118153583e-02
1.015411031035284850e-02
9.961659477806250607e-03
1.009748883443961631e-02
1.036953123231842966e-02
1.070400811038596522e-02
1.082530463920239328e-02
1.059079244824001620e-02
1.027356297057824275e-02
1.009678600338725918e-02
1.068652523160285028e-02
1.105186277225123082e-02
1.087243561762640809e-02
1.084326451871753250e-02
1.049533948275005457e-02
1.035954950031447996e-02
1.028758344920988055e-02
1.001149371849008318e-02
9.951973999307583973e-03
1.070872482352736021e-02
1.166429739184315917e-02
1.145484105412264419e-02
1.066234987108938270e-02
9.737048504677159322e-03
9.394463582262035928e-03
9.805888290270514673e-03
1.064721500668452947e-02
1.140561016558327978e-02
1.137418824073055390e-02
1.054539812905330720e-02
9.740805646612615831e-03
9.123033134076474759e-03
9.525830930878997904e-03
1.105048776251882359e-02
1.202576015412226695e-02
1.157689205976186742e-02
1.032189223256185784e-02
9.255707430211757014e-03
9.130973293795641155e-03
1.000815570614410621e-02
1.117218770493599855e-02
1.167541442208774871e-02
1.124173173067943843e-02
1.016431830731445718e-02
9.434951731353669047e-03
9.493918166778692047e-03
1.028757204835151207e-02
1.102999972042428833e-02
1.135890777560721876e-02
1.090874419788046001e-02
1.006732416463040902e-02
9.617524757965623117e-03
9.803131194291658801e-03
1.048565807040713338e-02
1.107559862972384845e-02
1.108277274118174560e-02
1.055462381645411174e-02
9.988674085123161461e-03
9.847202897244833331e-03
9.777181332330520114e-03
1.083036651559776686e-02
1.148033350267718689e-02
1.118668987838000728e-02
1.018968432815670067e-02
