1.051995580960186416e+00
1.058136093103092312e+00
1.120353545386437721e+00
7.632613337698799238e-01
1.032717491396986320e+00
8.185729218110531225e-01
6.809807601516335573e-01
7.485418165940467272e-01
7.844075798914058595e-01
7.261974354154676625e-01
4.734984329984375240e-01
4.396194594419138291e-01
5.291809625644299242e-01
3.835027612291637134e-01
5.762756908272311795e-01
2.994107304700820427e-01
5.552188599836972438e-01
7.393693762682538306e-01
4.430937362694240544e-01
4.530311257690147198e-01
6.567930100263934534e-01
5.864475933517547812e-01
5.076164593223990718e-01
6.405795818122985708e-01
4.357215733046204686e-01
8.291172224254235168e-01
4.358232883698771598e-01
3.176158588728604792e-01
5.455425150764975362e-01
3.255761840029408605e-01
5.264056110695857216e-01
5.675346515556660698e-01
4.699747690253918142e-01
5.412445649829289440e-01
6.978451174277959801e-01
4.364755768436784367e-01
4.068515087976297684e-01
5.259174077343008458e-01
3.508890427149079505e-01
2.957106042570414317e-01
5.011938855382189750e-01
5.157889713854384439e-01
5.098308436646821207e-01
4.802065303243981953e-01
4.018613833647348699e-01
5.544184840553622040e-01
4.757811123270342391e-01
1.366194019698121487e-01
3.599042805909847820e-01
4.041578467810500452e-01
6.496607359455808250e-01
3.987390585292491796e-01
3.429992367280121357e-01
4.754655990929893550e-01
1.931307174390201054e-01
6.295894569736570912e-01
2.691344615592536904e-01
5.052401402654642659e-01
6.628112066558891069e-01
7.124630843032173644e-01
6.687678989044879563e-01
6.680844679214977822e-01
6.991971266896488402e-01
5.754252790263070239e-01
5.666275550930670590e-01
2.219216261926608702e-01
5.883663050549746698e-01
4.436876049841227410e-01
6.108040390793354479e-01
6.468946636202290712e-01
6.126303392946939042e-01
3.161576879552795427e-01
4.010235319025201584e-01
6.269604111627803400e-01
4.714131227399561697e-01
4.652740161596631285e-01
4.741419491064076119e-01
5.338854122785470224e-01
2.870532221266377526e-01
5.415247358090928831e-01
6.561481378160334277e-01
5.669611076318219478e-01
4.641500247888132868e-01
3.772452908221791690e-01
5.169580667423978593e-01
6.452037240700956300e-01
7.365081138709775876e-01
6.314932190647128962e-01
6.649750558245339782e-01
4.691548595985927106e-01
4.053001707867494030e-01
5.555201622035661480e-01
5.148291606776591589e-01
6.881706147726740497e-01
5.923479118819955369e-01
5.559587960086452840e-01
4.974729447052479436e-01
3.366085427092150306e-01
5.187116902578969846e-01
7.525379025986329573e-01
5.037601882790310182e-01
5.476206391273430452e-01
4.947164192351064527e-01
5.434348984035761720e-01
2.557732511231582961e-01
5.340200576549842815e-01
3.625669005631293462e-01
4.801286893647723764e-01
5.636799752734928948e-01
2.192532235817840069e-01
3.352895705697797046e-01
7.422997152648662667e-01
4.747479738021567197e-01
3.670380370091946842e-01
6.015624149940914656e-01
7.203813693849971944e-01
1.868505653607188677e-01
4.300605091579687844e-01
4.813895241507306633e-01
3.297756473368577135e-01
6.366361142879350954e-01
5.425043478030813215e-01
6.632283380469119471e-01
6.463475109974874400e-01
5.445201731750686225e-01
7.280448285503398065e-01
4.182475177219079354e-01
4.578671579078025244e-01
5.130358916372527167e-01
4.294803062998493459e-01
7.681959722764932774e-01
4.297668147103640424e-01
5.570293365520635476e-01
2.714396046490269443e-01
2.076030083997695286e-01
3.683291800644328262e-01
5.635373252023900825e-01
6.259736916312620414e-01
5.946260736901163302e-01
3.390840417072021884e-01
2.455528645605908888e-01
1.568997173537948209e-01
-9.985873052808935668e-02
2.564850156098075207e-02
3.845615663461400269e-01
1.098995585000451802e-01
4.969244712184728296e-02
1.914180602493980032e-01
1.322100213628791820e-01
1.358918529074212289e-01
-6.806104134203638800e-02
2.500784155081331450e-01
1.124883163545004061e-01
-5.199088129729712016e-02
-1.174627101387653028e-01
-7.610929022118173570e-02
-1.867935466246430920e-01
1.958444659734894788e-01
1.226582674485204860e-01
-1.112694167501904197e-02
2.318080966247815233e-01
2.819251596626989320e-01
-3.292651795771983636e-02
1.753438342153414986e-01
1.114430214253555596e-01
1.959702895978903125e-01
1.912736185631479513e-01
1.096221788095202987e-01
-2.402725819435724830e-02
4.393069713883046568e-02
1.394394412145463225e-01
1.053790932460156871e-01
2.443940630295632355e-01
6.560126723738779475e-02
2.346590178903451562e-02
1.878869562623610712e-01
-1.321739250195963500e-01
-4.087484607329201491e-01
9.724143510312766026e-02
1.856291230258041436e-01
2.200106490730646680e-02
-4.519374334154013795e-02
7.199348424651974554e-02
-1.176176402307316238e-01
3.687617228628925492e-02
-1.893420981641471545e-01
2.337956374072811538e-01
1.781628614670118793e-01
-2.557029082946578047e-01
-9.332609490869003821e-02
1.935598429666584019e-01
-6.954145580008397332e-03
-3.871349521873890254e-02
-1.254724379910210352e-02
8.803124369169013086e-02
-1.921361880779832720e-01
-1.341238360147962716e-01
-2.677898828738336512e-01
5.550168718714998395e-02
-7.210275601422955205e-03
