5.224665345541446015e-03
5.915393128749890650e-03
4.501441096147695831e-03
4.255843734679476409e-02
7.282713182224920256e-02
6.423407492766697313e-02
3.493073772625043816e-02
1.063281605944421671e-02
1.627528700126501526e-03
4.979698000993071361e-04
1.770749480080269223e-03
8.002842470765769711e-03
2.081615304333961358e-02
3.423068819207231162e-02
4.003777717863288288e-02
3.496415333561220251e-02
2.377662925134149674e-02
1.274257997544114840e-02
6.180992355910408520e-03
4.075188851575539672e-03
5.227496649131246897e-03
9.573939764362604521e-03
1.676670412313152614e-02
2.419643016184158668e-02
2.824241185574061230e-02
2.700282103981765935e-02
2.158131452135503281e-02
1.490437329761729046e-02
1.025789295675527679e-02
8.193336132828243912e-03
8.573180359160881281e-03
1.114753128535128646e-02
1.486928071481163904e-02
1.877765673473752450e-02
2.095479475195038965e-02
2.037080288632042713e-02
1.762300612217659879e-02
1.437334317481542278e-02
1.194373570998419343e-02
1.080837934705569658e-02
1.145415918444725456e-02
1.347603129547925160e-02
1.612249654008635069e-02
1.826715868291572953e-02
1.872748734717766261e-02
1.740635447433702687e-02
1.530820105227037597e-02
1.364510271517915818e-02
1.278616097298967968e-02
1.340513653276642625e-02
1.469757817927186405e-02
1.588970158170965874e-02
1.691398255214870971e-02
1.681521690700782390e-02
1.600997203934129143e-02
1.489149296211111917e-02
1.404427503824479118e-02
1.375246932999218963e-02
1.434952617251283868e-02
1.529848606291461799e-02
1.692033840497753072e-02
1.755696456589517229e-02
1.694991068761109165e-02
1.553135681666995005e-02
1.459997575979676832e-02
1.400618713955692485e-02
1.390767915459834025e-02
1.438773327578513062e-02
1.572702969023864750e-02
1.666022408749101569e-02
1.678553924655279417e-02
1.621709940512339188e-02
1.514483464745508545e-02
1.417490584282565802e-02
1.377352277608490105e-02
1.377631022553005291e-02
1.445390872839535934e-02
1.541750040667855259e-02
1.577622992800731261e-02
1.634003783710524793e-02
1.581034847641915597e-02
1.520874014762807480e-02
1.437499530077424037e-02
1.401516496679444668e-02
1.426953613027270862e-02
1.495335120802088191e-02
1.566137745367601752e-02
1.598951600292275455e-02
1.539333226298311708e-02
1.469287388611184575e-02
1.436749213927501767e-02
1.467026048454200815e-02
1.518814786788702520e-02
1.576774968308836122e-02
1.589914864459429644e-02
1.554144691109105025e-02
1.495658632413232603e-02
1.471201124395060678e-02
1.471357129823902543e-02
1.493817893923143902e-02
1.563495860541552762e-02
1.594086904687919137e-02
1.569640699987762122e-02
1.510739825829099381e-02
1.457184206270933924e-02
1.440762285211139027e-02
1.535365448673797761e-02
1.628224413429701922e-02
1.676034838765405599e-02
1.584979270541508889e-02
1.457689630108516265e-02
1.378092442704414999e-02
1.351526585775830736e-02
1.407465544607311436e-02
1.524866167994098909e-02
1.624065116260442476e-02
1.610118943293703531e-02
1.531743285839370916e-02
1.447825218441034512e-02
1.412816745697020870e-02
1.461352876785670940e-02
1.531124871388889197e-02
1.541255239314265335e-02
1.528710239579733621e-02
1.504116494974083729e-02
1.456932921907694301e-02
1.449368801151817987e-02
1.482661723349176786e-02
1.540229924592728672e-02
1.570945227549314094e-02
1.555375369824152365e-02
1.508997032980230468e-02
1.524691572607372869e-02
1.568878549625352115e-02
1.566312669029001903e-02
1.602451046210828789e-02
1.568068236170250263e-02
1.505588078671293850e-02
1.452345138522637136e-02
1.444891257287406194e-02
1.454931937150949484e-02
1.514739275310028610e-02
1.565269816152803362e-02
1.539525175630296339e-02
1.494029544501196405e-02
1.464146701467317069e-02
1.551396161872209412e-02
1.600058484536792669e-02
1.569059890990032180e-02
1.557938053529261957e-02
1.526406202147956304e-02
1.505387027078974871e-02
1.489074078038699067e-02
1.439800656443279703e-02
1.437793391643882313e-02
1.544742679959976162e-02
1.659709177481560882e-02
1.672716811641383750e-02
1.604293736505524315e-02
1.441852634183493631e-02
1.362781678289881615e-02
1.415827682320824898e-02
1.538362259954673128e-02
1.677996514366786318e-02
1.669936160297103012e-02
1.493082175393412037e-02
1.354952838159706463e-02
1.266525817739050375e-02
1.375583088235077245e-02
1.667174452193409540e-02
1.816754873016834804e-02
1.656427105779134656e-02
1.403761417800752920e-02
1.259329793480989945e-02
1.301723357544959381e-02
1.510989159914344349e-02
1.710735427384268981e-02
1.727051185926220533e-02
1.626402107577518130e-02
1.417825428828378698e-02
1.311313320567475404e-02
1.351112413457034034e-02
1.519848092207154444e-02
1.646424121232858973e-02
1.698733217708225940e-02
1.585322934105992676e-02
1.397726380506714161e-02
1.326498961112654307e-02
1.390040200107056645e-02
1.551485924470896727e-02
1.666445874328814636e-02
1.634828160061907454e-02
1.498895927955690155e-02
1.389209710042482726e-02
1.393530576420498601e-02
1.417690837266294412e-02
1.591651044602593323e-02
1.681075293317335628e-02
1.608698396719687729e-02
1.449034443750440992e-02
