6.082867735829587952e-01
3.747100374871912276e-01
2.792400947381946663e-01
3.290380723983303835e-01
3.571463048232703663e-01
3.347962887706376067e-01
2.919403230302645147e-01
2.745538015922549535e-01
2.787703224083816211e-01
2.927272733553181183e-01
2.992641915442569855e-01
3.008078417816955064e-01
2.892446924708462763e-01
2.844540188090186605e-01
2.796712030059259613e-01
2.733636643223726903e-01
2.779845856627156664e-01
2.845086504295817331e-01
2.839040455978306676e-01
2.840426386174706996e-01
2.763121464626476786e-01
2.788971973110317970e-01
2.785144127372363165e-01
2.811145274824013995e-01
2.763253911873004842e-01
2.818434647509171498e-01
2.831372747893721176e-01
2.820891745737762468e-01
2.821421489899605950e-01
2.750068798608060749e-01
2.783008748731089499e-01
2.792373217637682536e-01
2.792245592374692498e-01
2.794002158390930246e-01
2.816333850954384488e-01
2.788160889236185325e-01
2.780485489543869093e-01
2.784132371075617174e-01
2.776761462925924073e-01
2.808275803083739586e-01
2.786586776091485307e-01
2.784386725409996322e-01
2.798274543861225538e-01
2.748921731461484441e-01
2.780454518169368505e-01
2.755509009395321618e-01
2.765786338095328478e-01
2.827110061182303014e-01
2.782660408246475647e-01
2.773207042252110455e-01
2.784328115701248940e-01
2.843503634710710104e-01
2.774229219399027002e-01
2.783554185490085819e-01
2.782860702164373645e-01
2.782207241119221131e-01
2.750884578155399218e-01
2.728043855375460458e-01
2.820137748955373613e-01
2.782532807925010010e-01
2.780521525958871143e-01
2.781545564747774923e-01
2.804281085715939481e-01
2.780143459733139810e-01
2.821126204465491671e-01
2.821286937759193147e-01
2.780580596403957605e-01
2.769146721857574933e-01
2.774469533092244200e-01
2.807470786450778633e-01
2.779917161446620044e-01
2.787788555516296229e-01
2.803813054501445023e-01
2.778046200467798599e-01
2.780880668345341311e-01
2.780867351148467170e-01
2.780993870104615517e-01
2.779704000415343934e-01
2.766984468868316505e-01
2.804845484795811528e-01
2.780611492069824386e-01
2.805068696736461309e-01
2.789435764682332008e-01
2.737084087339178851e-01
2.779343639802200894e-01
2.782255063013999719e-01
2.782073554152084682e-01
2.778916822754746718e-01
2.799932694419812185e-01
2.733121238903641892e-01
2.749469890522129312e-01
2.780996613754947999e-01
2.781158637208736017e-01
2.768389345108113186e-01
2.779778371953249838e-01
2.780803004647874888e-01
2.805074673393960216e-01
2.771197010477299827e-01
2.777797918206252881e-01
2.748841480606545318e-01
2.780464469133869798e-01
2.785787659260283711e-01
2.771707429461387484e-01
2.780310505496538243e-01
2.782686475018985028e-01
2.789108334074680284e-01
2.798954832941585869e-01
2.783698518332005101e-01
2.743128948375013199e-01
2.782529189105119594e-01
2.805441701838669033e-01
2.780105791090542455e-01
2.777540324095313373e-01
2.780908838836018138e-01
2.773886069367306195e-01
2.773773631790270588e-01
2.778812902972709331e-01
2.783013825856019974e-01
2.786247934287173766e-01
2.773199537684030158e-01
2.784394222521552331e-01
2.808324665760123517e-01
2.774605255903161982e-01
2.728917374806255625e-01
2.787697533666434468e-01
2.783395046320146227e-01
2.790659745482984011e-01
2.787347630517725827e-01
2.785906264225558315e-01
2.808154584839851475e-01
2.753054610540889291e-01
2.787357030901139732e-01
2.777534433688154669e-01
2.782824907476968423e-01
2.775403456265485014e-01
2.812271417740590529e-01
2.782143309257838482e-01
2.780031108565796938e-01
2.780506932451963786e-01
2.748199553859163036e-01
2.785490610560416025e-01
2.745692726415767115e-01
2.777988997440630214e-01
2.740954989245001361e-01
2.740174912514378169e-01
2.783491000370303947e-01
2.784593854599137774e-01
2.781287005097061726e-01
2.785710390667398562e-01
2.798576431738923898e-01
2.778419086409519290e-01
2.779908172305490810e-01
2.780593776766603353e-01
2.787032922367187471e-01
2.798250805132276309e-01
2.803893708529484607e-01
2.777245123019399520e-01
2.781187119885308867e-01
2.780471434650999552e-01
2.782666915475872083e-01
2.782399251124489936e-01
2.780930871471107846e-01
2.801762265212925929e-01
2.779739849486824177e-01
2.810334849307228877e-01
2.779416866585856516e-01
2.799153294412678461e-01
2.783102675573425611e-01
2.801642412307151497e-01
2.733215490594714803e-01
2.781292635923773293e-01
2.804691479743973703e-01
2.781773104745126624e-01
2.785190798578096594e-01
2.782652682402502187e-01
2.804478903439980852e-01
2.805671141735537333e-01
2.750068557504069533e-01
2.774925116150839255e-01
2.779680273973846871e-01
2.783008180125835507e-01
2.775581493752191653e-01
2.802117310479586010e-01
2.775866714715339301e-01
2.743861548053527777e-01
2.760552069195973957e-01
2.788410960803513472e-01
2.767540358112288157e-01
2.797617980610448418e-01
2.812225107378413247e-01
2.777717328157155441e-01
2.791470418890941163e-01
2.778342707863566963e-01
2.773294966151237384e-01
2.752925595571754647e-01
2.753329703203255541e-01
2.787295255374345748e-01
2.772916427432593478e-01
2.802548023621668216e-01
2.802808697628438317e-01
