1.077373744718173043e-01
1.983576955723154178e-03
3.223120434816018065e-02
5.049800787609215469e-02
3.038557062107460904e-02
7.226989151650209386e-03
1.186327885526305970e-03
1.361613485681467672e-02
2.905064369448984163e-02
3.565250559640964489e-02
3.140657904592614180e-02
1.994805862296178400e-02
7.500085633100783689e-03
1.080672778341673634e-03
1.897505016947298451e-03
4.941636423245410192e-03
5.237685580637196914e-03
2.765459956831639587e-03
7.690993958091585370e-04
2.034010654666240647e-03
5.872108940444431546e-03
9.822603281874231484e-03
1.161755380085882638e-02
1.118063639042043977e-02
8.567719186509004103e-03
5.176548020479176948e-03
2.414106315704933614e-03
9.967319712502753504e-04
7.165061023343133328e-04
8.111833177203431333e-04
7.735351549928992654e-04
7.280623101291183730e-04
1.141998702546942468e-03
2.265137469752098731e-03
3.825729874438632550e-03
5.162945710920019415e-03
5.674579409895463833e-03
5.232413331254792688e-03
4.074103999810896326e-03
2.750492902286683083e-03
1.739560783228122354e-03
1.169306484898546827e-03
9.537874847096450281e-04
9.455489875290767898e-04
1.114515382266256793e-03
1.515563715498546848e-03
2.136679531217433592e-03
2.855269085747957902e-03
3.429380060358644400e-03
3.644164130008453739e-03
3.458116888207407591e-03
2.990376570991992722e-03
2.399399778411970274e-03
1.899077355864031702e-03
1.572560254958110804e-03
1.431937876956501654e-03
1.462321533310495525e-03
1.623407650497177279e-03
1.917099521943632645e-03
2.273074172532085768e-03
2.573913293126617319e-03
2.742538862525512044e-03
2.737308369516244788e-03
2.575698461770303815e-03
2.323755490335810414e-03
2.046827190759992199e-03
1.834127360295423337e-03
1.733612187811206518e-03
1.753112864049666264e-03
1.857610511379226281e-03
2.022771025865344185e-03
2.193198559783726687e-03
2.370472936743306391e-03
2.430477795713037459e-03
2.405021075699176336e-03
2.300031842451977226e-03
2.152957474072403343e-03
2.001802061343149752e-03
1.890038854412634528e-03
1.862320471875622552e-03
1.921800132473228118e-03
2.046706059889547014e-03
2.169697618086496860e-03
2.271619879642861051e-03
2.300737440561695379e-03
2.252921788308048789e-03
2.182798462695978436e-03
2.085270438404784876e-03
2.043519118636871745e-03
2.003331008587516671e-03
1.994561955646512175e-03
2.042481536477569470e-03
2.106984483592588830e-03
2.145426637348513133e-03
2.187374392144780799e-03
2.229314085448685923e-03
2.241764091842068929e-03
2.221985824715111413e-03
2.162239456401815474e-03
2.101575653755349826e-03
2.055041474294361237e-03
1.992723636567217405e-03
1.976669759714999586e-03
2.010026165631728645e-03
2.098273517642579300e-03
2.167127177764460733e-03
2.204529405869237735e-03
2.205913956886629279e-03
2.131552790326840530e-03
2.038030101502497082e-03
1.994134957418403076e-03
1.991426290090636542e-03
2.057166094392326450e-03
2.150145620818944003e-03
2.186732578409622541e-03
2.205979737701868615e-03
2.190054262778851069e-03
2.170066776145063159e-03
2.121184078896054537e-03
2.062019019032246270e-03
2.065070592325302101e-03
2.094326618480302216e-03
2.127618567195010968e-03
2.152783299893212821e-03
2.152304232049595534e-03
2.137329583530189758e-03
2.115121024087951440e-03
2.075106646389879295e-03
2.043576512986589044e-03
2.044131324154929708e-03
2.025720497405347764e-03
2.049795967998480073e-03
2.090191058381818401e-03
2.135807364188391233e-03
2.168647868193263051e-03
2.220367974925308019e-03
2.248388279772361997e-03
2.213548338390824988e-03
2.142468152336540754e-03
2.087186337178081885e-03
2.059128766060958071e-03
2.039211520606487582e-03
2.053201574092722304e-03
2.126239266015073071e-03
2.220549749780476034e-03
2.264662540976680738e-03
2.281789906759312814e-03
2.240182581881966506e-03
2.184693716750896186e-03
2.117526284624915434e-03
2.056796536043847823e-03
2.048149236129503947e-03
2.104754516759177463e-03
2.177497023980290436e-03
2.239849050227893379e-03
2.239160206625512295e-03
2.223851626325767938e-03
2.189539416306840458e-03
2.117455845987437080e-03
2.051417618984086033e-03
2.019815214760134481e-03
2.046795842668536203e-03
2.101204092467612305e-03
2.178494444807221875e-03
2.199176407136071987e-03
2.178758656951274020e-03
2.125300967261045670e-03
2.042726145107920388e-03
1.981505546669204421e-03
2.000784293180291051e-03
2.061838680445626792e-03
2.136781904111262342e-03
2.230220557079554133e-03
2.245647045476806269e-03
2.213056451828898652e-03
2.153196109594524010e-03
2.086268451593320528e-03
2.061699672771033498e-03
2.077408425517512924e-03
2.137307768476537362e-03
2.240420027510348078e-03
2.273567018203359602e-03
2.227020778800659073e-03
2.122812377967187025e-03
2.057178585911367819e-03
2.011899201405986659e-03
2.003132739446633614e-03
2.085268166892473296e-03
2.161914939663112101e-03
2.191086165503230987e-03
2.141734480272994290e-03
2.091297881733455988e-03
2.081043593607057041e-03
2.076289527320085426e-03
2.102207346725504244e-03
2.085850123828780767e-03
2.114566291810171528e-03
2.118918409680259352e-03
2.116763143239608347e-03
2.156145706908252357e-03
