1.010299079856579629e+00
9.986939296445405123e-01
1.031291079389334175e+00
8.527342331774317996e-01
9.500020388176797503e-01
9.577549301735018838e-01
9.696288994669376438e-01
9.215916321995945015e-01
1.093055046126963248e+00
7.220870504531188283e-01
8.852638627092038748e-01
7.595251586086264606e-01
8.409991329847977815e-01
8.913683221246243571e-01
7.058707764274245733e-01
8.517631281122222120e-01
8.649910393067503644e-01
8.961465797494390095e-01
6.458287638921480500e-01
7.824071084333433790e-01
7.243119991201105723e-01
6.424188458080516417e-01
8.838267166898066129e-01
7.913744473870942819e-01
5.153132109226723490e-01
6.069483467889490447e-01
4.796213639860217315e-01
4.361811957409217344e-01
3.162876806057910439e-01
5.605643775392877837e-01
4.993171547784905906e-01
3.995849048029558315e-01
7.317034763894068039e-01
2.827840437330974011e-01
6.289615943496222883e-01
3.725183391617072903e-01
5.806710002405236493e-01
4.758846220948350636e-01
6.210753397862337488e-01
3.186592669155601243e-01
6.518313444068313256e-01
5.611020530777932613e-01
1.787646933141315841e-01
5.573543362452784145e-01
3.165062839118110150e-01
7.510054604202297535e-01
5.016930818707749928e-01
4.352957990400407873e-01
3.790811978527469650e-01
1.861032159858537760e-01
6.421730822210186540e-01
4.176041047042867715e-01
3.326416570286155894e-01
4.567402504201941715e-01
4.740922841586064918e-01
6.185014493499698673e-01
5.305174463373474314e-01
4.366103984802246485e-01
4.102529614405303615e-01
7.383925796589412283e-01
4.405335480143025562e-01
2.625437441630227298e-01
4.741278881053601069e-01
5.121456347732047387e-01
5.831784856832611386e-01
5.090410791437049998e-01
6.802703779363050707e-01
6.313142281943562306e-01
3.184619445023270101e-01
4.377953198369769483e-01
5.370962614473704377e-01
4.650086083135164250e-01
4.191547558686034014e-01
3.577512028290671386e-01
3.142745367685306768e-01
2.500899813064835220e-01
4.996336705191404270e-01
5.628252312146604375e-01
3.195578680829241902e-01
6.729170110946267602e-01
2.509382464001430613e-01
4.281419353045946563e-01
5.087225258614483936e-01
3.966830928519603505e-01
5.723803724064072673e-01
4.675338393531993653e-01
6.400054558028193119e-01
6.988293663505420472e-01
5.462380744565176194e-01
6.051915759247394888e-01
5.496278003369060583e-01
7.105824417236240587e-01
5.316418117862780068e-01
2.711820856602151775e-01
3.860343255858531553e-01
3.775207901072714645e-01
6.778283666530990903e-01
4.148338112729811344e-01
4.290168043286217703e-01
3.697944710195639750e-01
4.222995933746979125e-01
5.210188057766584890e-01
5.847566364915639525e-01
6.120345738190877682e-01
6.425782300401546854e-01
2.831494503888229985e-01
5.221422599189429192e-01
6.880485417085260291e-01
3.629814325238016615e-01
2.288345828477161836e-01
2.444785840623115991e-01
4.986607464402101897e-01
4.273045267111448275e-01
3.687014225975565607e-01
5.500149967102359039e-01
3.275716690718248891e-01
6.355209168736868364e-01
4.483667125936032782e-01
5.846894238350396344e-01
3.743846674645728845e-01
5.153688306370906025e-01
7.253200168261478842e-01
6.461714129688698183e-01
6.240047382004465515e-01
4.716758464531981554e-01
4.154443347827939670e-01
5.044850284057538214e-01
6.493365376268454003e-01
4.765138929864657369e-01
5.979410168904908396e-01
4.062437240843165265e-01
2.619593872273826562e-01
3.982889645160336833e-01
5.618858558118221547e-01
3.991008342274758869e-01
3.352251481940388134e-01
5.915655662618231059e-01
5.220967317662980056e-01
3.939162913047585812e-01
4.932113071564749873e-01
2.947436557156598580e-01
1.478433347253538255e-02
8.918564730805744745e-02
8.810141535123461320e-02
2.835128021660016095e-01
4.096020790380604515e-01
-1.021323783136995900e-02
6.174017156917795957e-01
2.209517729579694167e-01
3.742423040151208191e-01
2.104743483361087852e-01
1.862750597448585843e-01
1.170748674865662586e-01
1.728034467657323381e-01
1.346031188566734205e-01
1.308680399110708770e-01
2.080681741600980406e-01
2.280433606545727576e-01
-8.716221815632008152e-02
1.973298454511084321e-01
2.967339257423985410e-01
2.922080300371441286e-01
5.518993615429002020e-02
1.911171913222908803e-01
2.522748340052899385e-01
-1.109792266196221178e-01
-8.387449889437514905e-02
-3.503232732014360806e-02
1.595714125788759707e-01
-7.431665771444384561e-03
6.949983476297616480e-02
-4.379366985758603725e-02
2.800871505777502435e-02
2.668062764057838043e-01
-1.361739314101451104e-01
2.018269600933886299e-02
-1.493570021623449318e-01
1.247306544503803405e-01
-1.757270115801743415e-01
1.104494316994723002e-01
1.116873858658296026e-01
1.394521056276905036e-01
1.349870560190751245e-01
3.327766550341315632e-01
1.886863282485309323e-01
-3.081757525650719032e-02
1.134767145992082726e-01
-1.948562930815800343e-02
-9.843569961206988239e-02
2.514168254647526357e-01
-4.412594072819464586e-03
-1.847668410583074294e-01
-2.806911311072375348e-01
1.413418316044627865e-01
5.329520180257862894e-02
1.946349809219689586e-01
1.135506085428334977e-01
1.494354429466835388e-01
1.931577528203645144e-01
9.870488021181389460e-02
