3.343491380609879826e-01
1.158760122811433035e-01
6.045254457817006433e-03
2.256224798819617128e-02
6.603549031687827586e-02
6.404135093321106087e-02
3.346975525805018226e-02
6.722946887682712536e-03
1.006896336729790065e-03
1.417828534169429666e-02
3.385556354535712575e-02
4.585081458593909254e-02
4.534304706763581105e-02
3.557918395614423357e-02
2.203182701086336959e-02
9.480650848741944969e-03
1.908692633029840380e-03
5.538860659156652488e-04
2.663597639653292326e-03
4.448869098670815703e-03
3.955380474116365619e-03
1.957381012842041024e-03
5.177758545844568516e-04
9.871296519570194050e-04
3.641862727797540167e-03
7.528193880001476934e-03
1.110905535876571815e-02
1.303342828063225323e-02
1.273403573644749098e-02
1.056059456684688147e-02
7.389139064876593110e-03
4.238512851630238387e-03
1.966864043833504994e-03
8.007405059584637996e-04
4.424147408440548546e-04
4.179279372282795890e-04
4.152624520373793260e-04
4.741149926824617111e-04
8.532497492608204226e-04
1.753239633016656640e-03
3.108410239269554509e-03
4.577009145148358549e-03
5.698421301747913503e-03
6.110024160329241560e-03
5.785269326304742776e-03
4.880790337211005081e-03
3.720753977203616891e-03
2.631162097164740921e-03
1.792850473347318285e-03
1.268788150409871918e-03
1.017663756123332597e-03
9.824334824775071695e-04
1.126489942144814904e-03
1.457905864611030999e-03
1.968818600598609692e-03
2.595970505254174832e-03
3.210310794132364975e-03
3.660586090100226286e-03
3.835556102255388566e-03
3.711566263369769914e-03
3.363210001232186386e-03
2.883295221550952192e-03
2.372848035263164235e-03
1.979776557048396057e-03
1.723439056813713677e-03
1.613297963377169353e-03
1.642023955662819112e-03
1.808946266251276747e-03
2.089803427746339537e-03
2.423378169892242973e-03
2.741726890697515628e-03
2.972739498582011031e-03
3.064871344077624293e-03
3.005344156107092601e-03
2.830534950950536199e-03
2.572910489006097201e-03
2.339771854177663535e-03
2.106243693555276408e-03
1.957671558874940487e-03
1.907497185639539516e-03
1.953103975539272064e-03
2.079787502006658073e-03
2.261078468219546167e-03
2.458013233700762079e-03
2.626958384769784161e-03
2.701010648321622298e-03
2.697212289740513746e-03
2.608416725017770332e-03
2.479492686994655415e-03
2.344356003005865219e-03
2.218435245920580279e-03
2.141277566988231129e-03
2.108249225008518302e-03
2.136226107274263875e-03
2.214587953887736660e-03
2.315499887447614036e-03
2.423094225333377594e-03
2.512575388193383219e-03
2.563209060529425543e-03
2.549421599997936383e-03
2.480403763856608990e-03
2.395026387123744271e-03
2.315344727635171296e-03
2.242748766157265372e-03
2.208948834809598694e-03
2.201641287508881994e-03
2.236225216493914481e-03
2.320628189177775802e-03
2.412452785365393204e-03
2.488652090282705842e-03
2.531100804996633258e-03
2.513632099164664346e-03
2.464164285468695148e-03
2.398671065822921555e-03
2.335132413829876796e-03
2.288794113471714908e-03
2.269059849327015321e-03
2.246511147188323676e-03
2.258561166873951365e-03
2.299286390677557357e-03
2.337829011784253730e-03
2.383249154446764884e-03
2.389563257805815688e-03
2.373906128223746137e-03
2.341866343888332480e-03
2.314399942914713293e-03
2.305798730210528724e-03
2.282800888089075997e-03
2.295173183380572191e-03
2.328040072910431135e-03
2.371462016936942696e-03
2.412930961892323367e-03
2.440991859046226509e-03
2.428976530714277438e-03
2.403995232086342249e-03
2.374224637959776452e-03
2.348429721159894790e-03
2.333094017760606320e-03
2.331346258676592065e-03
2.306679315650761453e-03
2.249676747146378553e-03
2.213964353994124501e-03
2.226691572319805523e-03
2.280261019194873562e-03
2.356660320445791434e-03
2.432940831943675164e-03
2.472937707093225690e-03
2.467649647717173877e-03
2.460992629856662006e-03
2.454651706554678015e-03
2.426351182146180285e-03
2.396322946147000366e-03
2.363872739593153582e-03
2.338586329960312682e-03
2.327230979288552604e-03
2.309688378314800339e-03
2.250717176920935536e-03
2.234863862064395690e-03
2.267362877019007961e-03
2.306851580833546578e-03
2.364035589973889628e-03
2.398474781313830739e-03
2.423289021690533396e-03
2.431781452848058578e-03
2.422616262186982894e-03
2.334695994553936949e-03
2.269689864195734152e-03
2.205195625485822930e-03
2.199662693314841100e-03
2.249168778248877842e-03
2.334280692803281099e-03
2.426398382654459951e-03
2.495410315404567037e-03
2.521426383552127781e-03
2.499444532416794651e-03
2.441079157007086664e-03
2.369334434515479870e-03
2.308504154956758647e-03
2.286169088557943319e-03
2.346290632277647781e-03
2.411471350747484976e-03
2.419681806506090993e-03
2.343842641654325654e-03
2.286993411210413996e-03
2.290787162345431227e-03
2.322471273089821153e-03
2.369336494344675970e-03
2.414884265426131549e-03
2.444854545237240551e-03
2.449344953564525085e-03
2.429323826003026987e-03
2.348955595442792088e-03
2.287040804967332974e-03
2.261878523722837819e-03
2.277567403287661385e-03
2.301403244097222078e-03
2.349052167559650961e-03
2.401836286307745816e-03
2.440044759873138958e-03
2.428447940007849581e-03
