7.717907677581804515e-01
7.195132322930584134e-01
1.132532152879509368e+00
1.110041371283709166e+00
9.167619065440705262e-01
6.349174711632912249e-01
7.795562648163347763e-01
6.954188293745700022e-01
7.686614653869429103e-01
4.621412176173588238e-01
5.297830727946227780e-01
2.285681140460181782e-01
5.174150741268979115e-01
4.865856101771739439e-01
7.364211492049431707e-01
5.524395207811105823e-01
2.810116035054011085e-01
4.305408808008425181e-01
5.743453257799294720e-01
5.086541924655645364e-01
5.569684953018011475e-01
5.060829553630123989e-01
7.107920334033126508e-01
3.170955407775304380e-01
1.325536375296213487e-01
5.952229410304207269e-01
4.185246099185699897e-01
5.625095353050983960e-01
5.218963048809496241e-01
5.526893169688127383e-01
5.593172440163647341e-01
5.995574552655207334e-01
5.150778907707525001e-01
7.208937604789860121e-01
4.961466349569169099e-01
4.931935674524745572e-01
1.802876807265322290e-01
6.310634666210439558e-01
5.734192425682689276e-01
3.466489132162875464e-01
5.182459380633872570e-01
6.946832177439988820e-01
5.172455340831402237e-01
4.157191674849007867e-01
4.571751322149871788e-01
5.000161983793864895e-01
1.867062161330105274e-01
3.750093002659073971e-01
3.052181259538493396e-01
4.068542043114873330e-01
5.580593697098800154e-01
1.701004682399513968e-01
6.376543450722236273e-01
2.713218601811340225e-01
4.081807167562431227e-01
6.659581183705589602e-01
6.050422823096320846e-01
3.739644253994809375e-01
5.082787071868184459e-01
5.675182863088732432e-01
6.345019437406465013e-01
6.759359511652460739e-01
7.611433199983765885e-01
5.381776911076389114e-01
5.034377547628641203e-01
5.667888136280472278e-01
3.971670165032670230e-01
8.054228928850665215e-01
4.401552869858890160e-01
4.145225220141497413e-01
4.054695529831136014e-01
3.949004104435234197e-01
3.448934897214815942e-01
3.908872773742738671e-01
4.723991645583877075e-01
3.290902029262531281e-01
1.475677858455646252e-01
2.139524452175430858e-01
7.790593925745081805e-02
2.759841772510661650e-01
4.542325974476774109e-01
1.672616360228063037e-02
2.001908540572350237e-01
-1.764817281910557867e-02
5.100356162468966392e-02
-1.164075899811647385e-01
1.597421141851684823e-03
1.179033705881904481e-01
2.868118806126044307e-01
5.595042787144766105e-01
5.217790798051979984e-02
1.441985752059622428e-01
2.962344644567979079e-01
1.211663367948131453e-01
1.623798237056255367e-01
2.855887474891809497e-01
2.751692857597433095e-01
3.805790489064986293e-02
2.088076294980701908e-01
1.645478603783039340e-01
1.638543222609156746e-02
1.091401594763046212e-01
1.762825669518381932e-01
1.243444092128650480e-01
-3.417054258494411911e-02
-3.166328526805128885e-01
3.461884441397289347e-01
-1.115840193416253179e-01
-2.942736579117850582e-01
-9.146881216154434391e-02
1.621719008783365501e-01
9.839562150040170874e-02
-7.745907039987676157e-02
-2.853311487938787749e-01
-4.781887276060770020e-02
-1.408655339419311314e-01
4.151114365885011370e-02
1.519803529944887543e-01
4.804967257642123180e-02
5.553938401095026567e-02
6.295521670517090218e-02
-1.119427850785306156e-01
6.465198842802910573e-02
-3.183979375356622565e-01
-8.916763882783862449e-02
1.246107971702059558e-02
-5.438018243878239844e-03
1.090331208963148946e-01
6.263913163165624187e-02
1.806724482086261574e-01
-1.032845431727591468e-02
1.212046472888387294e-01
-7.532117115568848220e-02
9.435620232505326221e-02
-1.012482388227242680e-02
1.544092134443997288e-01
-2.027850199449441337e-01
-1.675762138710232829e-01
2.706241716347997928e-01
-1.639439629632912787e-01
2.886424152269484456e-01
7.856247639130908844e-02
-3.015416060487874361e-02
-1.096957036463734880e-01
-9.316444314723293374e-02
1.294331367252045117e-01
7.904908630575235851e-02
1.762165130740632746e-01
2.083249584330185700e-01
5.348699356072605937e-02
1.926873893319441811e-01
2.367149653543081378e-01
4.553350379825371608e-02
8.538556911976757924e-02
-6.570469055114624979e-02
2.892527564235665150e-01
3.778581935272895542e-02
3.666838028194192578e-01
4.340589389163436174e-01
3.359664558626517250e-01
5.687228182567916068e-02
-8.002482556382761736e-02
6.377868546310017095e-02
-1.675658368284782540e-02
1.592656456131592568e-01
1.091806869693724424e-01
-7.820511414188713317e-02
8.000472770487820906e-02
5.561969558251045331e-02
3.641248281524994690e-01
1.998612682153022568e-01
1.071328690054594857e-01
-3.287937058987955297e-02
-6.339304719069893679e-02
5.686211360928605796e-02
-1.495292125247158488e-01
4.001724488029093640e-01
9.854065645782394967e-04
1.568680646049167571e-01
7.789611393759132696e-02
-4.366320915883092901e-02
7.491102171046659652e-02
2.182734703337014803e-01
2.222056260134833705e-01
-1.776679794098043885e-01
1.932386497938543002e-02
3.217579620291927123e-01
7.094869505197443083e-03
2.160118481570416638e-02
1.441086109500697710e-01
-1.063998975202806729e-01
8.314926499164210227e-02
2.122825932144725147e-01
-6.648339728969876461e-02
1.790780025596404590e-01
-6.244714664806005899e-02
1.620806036971134123e-02
-9.141292275202594908e-02
2.134768521191088286e-01
-2.386813550299593523e-02
