9.957126921440518919e-01
9.942487100063122085e-01
9.943299303668236000e-01
9.927306793326259315e-01
9.921107429838349479e-01
9.911787046919553479e-01
9.914407290804939654e-01
9.910813615198224014e-01
9.898057168585991938e-01
9.865600931434372889e-01
9.828646274205616873e-01
9.817729952160374474e-01
9.821100412615028086e-01
9.826747546806459122e-01
9.830602684479377018e-01
9.830247686692736853e-01
9.817296576735305980e-01
9.759691629474143149e-01
9.688343878164222822e-01
9.636874670146969857e-01
9.575298490979675670e-01
9.510181800819621500e-01
9.446342365630377991e-01
9.339995517661711100e-01
9.170941889843342576e-01
8.981165668173951566e-01
8.689436409783301007e-01
8.310977822901861600e-01
7.874954452317046716e-01
7.365103698565557133e-01
6.800783286191040000e-01
6.333218238812921008e-01
5.919296393692285996e-01
5.593974327554518400e-01
5.382859054941900867e-01
5.262686039318809073e-01
5.178629702415051828e-01
5.118642885955113631e-01
5.079064351943853861e-01
5.058245435780900356e-01
5.043023413056936244e-01
5.032280311995448452e-01
5.025278935254740009e-01
5.020041455903963001e-01
5.016300373683109104e-01
5.013639777265264108e-01
5.011708646016536095e-01
5.010210509587342820e-01
5.009275096249412584e-01
5.008609764846901902e-01
5.007982097245797792e-01
5.007360967429312915e-01
5.006868448931043325e-01
5.006501913622336541e-01
5.006257789373469436e-01
5.005991520888376511e-01
5.005850671918520289e-01
5.005708155991017705e-01
5.005613834016093833e-01
5.005358289948695916e-01
5.005011284063791699e-01
5.004696450957670795e-01
5.004543744319172038e-01
5.004529420771659520e-01
5.004549199937649018e-01
5.004642054990059430e-01
5.004778926821344953e-01
5.005104792800507685e-01
5.005566117262956194e-01
5.006037511940713003e-01
5.006444488956426353e-01
5.006747790620273975e-01
5.007158604425041570e-01
5.007541939104125372e-01
5.007849328146500856e-01
5.008081066732861242e-01
5.008556446235803428e-01
5.009317933588974814e-01
5.010059297626636710e-01
5.010691100513259277e-01
5.011397992237771604e-01
5.012021945277916890e-01
5.012632419546259044e-01
5.013084987490898925e-01
5.013995194593470206e-01
5.014672374655027021e-01
5.015424177861697030e-01
5.016704032986902817e-01
5.017714538700585036e-01
5.018892682095232871e-01
5.020205925188194751e-01
5.021548883940185615e-01
5.023017017860970101e-01
5.022723999100089376e-01
5.022526522625929690e-01
5.022775321422535688e-01
5.023168441050995803e-01
5.022877899991620154e-01
5.022459940562917780e-01
5.022148220246205330e-01
5.021421434411046381e-01
5.020451685106404049e-01
5.019402028789305970e-01
5.018534239215104442e-01
5.017064888983158166e-01
5.016265308735659012e-01
5.015788572886812346e-01
5.015477098098499731e-01
5.014553907983386738e-01
5.014312329949688340e-01
5.013789024870798361e-01
5.013215966204146445e-01
5.013107975217941936e-01
5.013063793929081191e-01
5.013243986416076048e-01
5.013491567607659682e-01
5.013910553784011181e-01
5.013833585908171742e-01
5.013843379294800062e-01
5.013935574033988596e-01
5.014766500903161672e-01
5.015367840124845822e-01
5.015756379521583153e-01
5.015277025245361564e-01
5.014840532462376821e-01
5.014659020172740345e-01
5.013976466394732823e-01
5.013501435726026578e-01
5.012496707188196510e-01
5.012217507106077052e-01
5.012023604483263339e-01
5.012388989101979053e-01
5.013163262769109174e-01
5.014076396222989507e-01
5.015052683617531315e-01
5.015989636165616439e-01
5.017279501337037484e-01
5.018171007424461205e-01
5.019170620721659093e-01
5.019676361358245131e-01
5.019848563825937138e-01
5.018963834785228340e-01
5.018914018397990784e-01
5.018644084283450102e-01
5.018150040118245503e-01
5.017824047784353869e-01
5.022804329992798245e-01
5.028689758032807156e-01
5.035053497242142351e-01
5.049700007073127939e-01
5.065103047221870547e-01
5.086042808193700360e-01
5.102435939427614198e-01
5.113679232673496999e-01
5.127698828819154953e-01
5.136195063600415001e-01
5.143254491143200990e-01
5.179456985147521397e-01
5.212036779387354546e-01
5.248809900044486554e-01
5.296408768906474274e-01
5.322656298894596905e-01
5.351921975162926559e-01
5.397621464579126505e-01
5.422737805358994745e-01
5.448416829741722367e-01
5.461320345185067815e-01
5.554948296715519485e-01
5.578439556379487518e-01
5.616529551382032359e-01
5.579762199008843071e-01
5.508519431864418170e-01
5.412549521309922840e-01
5.316425935759718779e-01
5.243851847385491149e-01
5.194128780190374606e-01
5.159944263110916030e-01
5.128740010519177162e-01
5.102378159083706954e-01
5.079464234807847811e-01
5.058940487386526241e-01
5.044342556283089030e-01
5.033561471882926908e-01
5.024910196167950982e-01
5.018967437576155044e-01
5.014743239024943566e-01
5.011529344137956032e-01
5.009522218036903674e-01
5.008216767223068189e-01
5.007295212809907969e-01
5.006437769431538731e-01
5.005649117138800674e-01
5.004982073419086408e-01
5.004394247434260645e-01
5.003815615078541779e-01
5.003474597453473338e-01
5.003133459526136750e-01
5.002688026821346945e-01
5.002351134006535194e-01
5.007602791176670731e-01
