5.224640507279776358e-03
1.615500688436732890e-02
1.668650750301647889e-04
2.108492111009840908e-02
5.454674910439571978e-02
5.866210958323392344e-02
3.660816269098099429e-02
1.230215050089322748e-02
1.215328771590029611e-03
3.097436160629518653e-04
3.039667932951406470e-04
7.860355409051722475e-04
6.538966682385627394e-03
1.764974041983602415e-02
2.790246587317091187e-02
3.082848607370325400e-02
2.526014484376548630e-02
1.549099917897633905e-02
7.044865894700103048e-03
2.544452239234717972e-03
1.181225417826503588e-03
1.482907696305102441e-03
3.544403488412006809e-03
8.037430478701645953e-03
1.392236130680435391e-02
1.845297096204334686e-02
1.937804621545624606e-02
1.643829124100337769e-02
1.183961001069488983e-02
7.542169401119513950e-03
4.811912568568721404e-03
3.811763281202695808e-03
4.194999203463001258e-03
5.990858045299751744e-03
8.896194604920859561e-03
1.185766742107918770e-02
1.365914751328600740e-02
1.343117043607100491e-02
1.147123485826095912e-02
8.764230965624841829e-03
6.693931577727352256e-03
5.761085112123476293e-03
6.035512645064633475e-03
7.358690759371344647e-03
9.253270698868720778e-03
1.093823906759883169e-02
1.168221208243058751e-02
1.120574413065944519e-02
9.832422182979194680e-03
8.504716089204444884e-03
7.505763571881707286e-03
7.180844596609392561e-03
7.599789126016998075e-03
8.454617554686572056e-03
9.412266652230605324e-03
1.006507667999623212e-02
1.005649883674997191e-02
9.563738092132623159e-03
8.878916549043380790e-03
8.223233665968776585e-03
8.082523297534893736e-03
8.297029276534084730e-03
8.748798175534977517e-03
9.225666345541005953e-03
9.773543793316852302e-03
9.865577299567607206e-03
9.226236867310610990e-03
8.508702736740647588e-03
8.300497541898876896e-03
8.374782770570021739e-03
8.606593204813495213e-03
8.811904249529378674e-03
9.029839416851537237e-03
9.155594595190108542e-03
9.135821162464252687e-03
8.920214905372425562e-03
8.704484126645262165e-03
8.593216759354649348e-03
8.452125257208731313e-03
8.815506117945015596e-03
8.993859081071087225e-03
8.886858736221636690e-03
8.731359433255647673e-03
8.663001611740384078e-03
8.707910275036589987e-03
8.833878000652384266e-03
8.969849797994200458e-03
9.044309728897803602e-03
8.828504402913384119e-03
8.659280233322408371e-03
8.542193520657326289e-03
8.468985083638247424e-03
8.617369097889016061e-03
8.965284782601279367e-03
9.236068518452600351e-03
9.285397378155257897e-03
9.104719125032301186e-03
8.667122894334133854e-03
8.393425383081631885e-03
8.411648812552408039e-03
8.952734094034409118e-03
9.411671494735207588e-03
9.525861828272974563e-03
9.256997550320611445e-03
8.801411614802967520e-03
8.439935777372786774e-03
8.690282965034379359e-03
8.869721217296233640e-03
9.099235391584636901e-03
9.120088081630339794e-03
8.994746148979992917e-03
8.811476194443668142e-03
8.603474207284356190e-03
8.443727001057332870e-03
8.558237460581707978e-03
8.855308123128957654e-03
9.082833657000466410e-03
9.161843359277721532e-03
9.055713882331839493e-03
8.848849574081829594e-03
8.764631480239870598e-03
8.590353586489407611e-03
8.479089269161410591e-03
8.626509115656766369e-03
8.918884016969497175e-03
9.100943779681625045e-03
9.121349894353425469e-03
8.981505859263827496e-03
8.691710194453028393e-03
8.550247233597096930e-03
8.632218803960589604e-03
8.865258828439359640e-03
9.309763854868369215e-03
9.499869127523319356e-03
9.255396422082506902e-03
9.174484309123820402e-03
8.902481952096974460e-03
8.538233453702415154e-03
8.436800241545694412e-03
8.638781445543974868e-03
8.926759245191706604e-03
9.169440829131514370e-03
9.187633721550625410e-03
8.929920719468409374e-03
8.662686039036526786e-03
8.569162873515945300e-03
9.100985674470041253e-03
9.423401884306348286e-03
9.261856240809329677e-03
9.082801212324298490e-03
8.749880695098188887e-03
8.635830768401242530e-03
8.695904276651122977e-03
8.611708159891873215e-03
8.604400426999947449e-03
9.137270321616819402e-03
9.781337877260321001e-03
9.539199171101353514e-03
8.940736375332880570e-03
8.319325478669759022e-03
8.039506299848286908e-03
8.253525128098737618e-03
8.893958044366323534e-03
9.556278031501941328e-03
9.670254494470675866e-03
9.119706834195162592e-03
8.463616928285122576e-03
7.845211888703240710e-03
8.026648213547482591e-03
9.009671702524313375e-03
9.840947653029563646e-03
9.783179820576304309e-03
9.058402499177553580e-03
8.207320937788531445e-03
7.901336896862676262e-03
8.345196094654672159e-03
9.163761369889167341e-03
9.707724274737539183e-03
9.517222773115618928e-03
8.807259539005962701e-03
8.238655504397840446e-03
8.168208168583657169e-03
8.646739026546779172e-03
9.066384660613269197e-03
9.388760491716552359e-03
9.277092997206914937e-03
8.811650582499552797e-03
8.449572350683109967e-03
8.411981387476341609e-03
8.744268232458551893e-03
9.152037079971364619e-03
9.301547497214457394e-03
9.096331836961790707e-03
8.738243983136495530e-03
8.528007189694930545e-03
8.266219312227374161e-03
8.937140479438610008e-03
9.513658586062234690e-03
9.517641122315345648e-03
8.805569586471051480e-03
