6.711600474205259292e-01
3.765173407420695506e-01
1.994615250131943629e-01
1.750913210537970999e-01
2.449564160518188372e-01
2.444866990268244056e-01
2.066102007321332090e-01
1.678129736090167023e-01
1.656285462087514482e-01
1.825492230038265884e-01
2.019753296474319226e-01
1.968798894879426609e-01
1.877225496486940592e-01
1.766499284415635751e-01
1.641966167013660938e-01
1.612219317886459669e-01
1.707407887101556332e-01
1.741759786810433974e-01
1.744245728736231182e-01
1.786815297526458401e-01
1.743513637233752300e-01
1.650723643019056386e-01
1.664208568376415176e-01
1.632213378965012840e-01
1.681092115228604023e-01
1.648661135392103239e-01
1.719122850078699249e-01
1.727567660360870283e-01
1.624798715107206304e-01
1.624462069227177174e-01
1.697658113917158706e-01
1.623423305206647127e-01
1.654997334336596460e-01
1.584359164841366852e-01
1.682519228997912952e-01
1.669761770395424838e-01
1.666812465108222785e-01
1.652714342876773213e-01
1.611690705142487801e-01
1.679657710702346929e-01
1.728401060668783851e-01
1.659934744207355317e-01
1.671985227279807473e-01
1.670252770897371342e-01
1.641792309029296293e-01
1.685926054063068280e-01
1.638764831962024049e-01
1.694712080862936787e-01
1.627765040395998675e-01
1.690455957677575727e-01
1.665308398069091922e-01
1.621297150355900385e-01
1.728993173808116568e-01
1.679142216498757945e-01
1.655848473480290295e-01
1.597302842879092521e-01
1.628664458999682374e-01
1.683439987335688670e-01
1.639187156576151772e-01
1.649518569540052715e-01
1.654978458247304829e-01
1.632851869923106491e-01
1.612466199705581138e-01
1.599655305485029322e-01
1.666252163153003618e-01
1.668284879328314485e-01
1.661172471537604167e-01
1.638076191842852136e-01
1.672827082748310490e-01
1.641100504386849845e-01
1.674395416226697186e-01
1.613108481142576656e-01
1.630243337229234646e-01
1.669644469036222212e-01
1.633787045033576746e-01
1.594521960580956854e-01
1.616619610263708706e-01
1.634670192924235765e-01
1.641763126888110547e-01
1.623108983845145126e-01
1.706005617258741225e-01
1.667129088945822346e-01
1.646489380625446586e-01
1.622731241395350965e-01
1.672539034383321299e-01
1.639700294134337488e-01
1.662291143678102934e-01
1.666082198861289498e-01
1.640183413189834072e-01
1.688263659415415452e-01
1.675691097412461694e-01
1.628838763569436798e-01
1.651995175662374082e-01
1.635276323568541912e-01
1.592093296891906595e-01
1.627353038245396011e-01
1.692371680528073075e-01
1.636488838827162562e-01
1.689042599075638584e-01
1.640433896821065218e-01
1.624463435494004626e-01
1.656617714148893583e-01
1.643925333465331429e-01
1.661242569170869876e-01
1.685753916838512723e-01
1.690276213566462848e-01
1.648444894436096320e-01
1.643388524693556452e-01
1.635610880688518343e-01
1.656721696622048823e-01
1.631755604338814836e-01
1.641319124862912204e-01
1.685548262676647147e-01
1.693222084348391387e-01
1.632414363232647103e-01
1.710619070232479721e-01
1.680156200628701857e-01
1.645280145802827665e-01
1.663367782993097066e-01
1.627851210069993781e-01
1.637207327226397613e-01
1.640020626660083636e-01
1.630959284834946343e-01
1.650751558148403353e-01
1.653524175075113956e-01
1.642633890981142208e-01
1.674803153769818254e-01
1.710780170919796728e-01
1.700780326518273045e-01
1.669260606322674478e-01
1.631686463352205463e-01
1.612330409255321451e-01
1.658676710874652516e-01
1.673845442663823846e-01
1.642339193385327079e-01
1.615880834298704105e-01
1.640980228910143834e-01
1.661844262784343274e-01
1.663364141067654733e-01
1.636470752843357523e-01
1.632105116046531634e-01
1.648223774979717948e-01
1.695266040911869165e-01
1.629574423431725538e-01
1.667269503681532150e-01
1.644428506154571590e-01
1.618740776910198020e-01
1.656158891632173447e-01
1.647355430316099767e-01
1.600395030117858219e-01
1.647808648158169964e-01
1.621921651536432085e-01
1.628849659694557861e-01
1.618730655272675456e-01
1.682828016378056235e-01
1.590622571762739801e-01
1.650750642639516874e-01
1.648706723346009539e-01
1.660686384255776193e-01
1.641945870725197709e-01
1.677245655756220977e-01
1.616598459925477904e-01
1.632561767068264613e-01
1.632564409570602670e-01
1.657671129200335436e-01
1.643371450990582794e-01
1.630239446298321626e-01
1.622774733602362351e-01
1.643626725794811172e-01
1.658983143306106411e-01
1.689721783591022763e-01
1.615134599453988962e-01
1.662353945567826008e-01
1.637505902829577975e-01
1.651493085944585326e-01
1.589985304081966699e-01
1.639660645353196999e-01
1.624464803890193210e-01
1.588995916200692804e-01
1.695713657965056687e-01
1.634589373416452940e-01
1.700276090375507643e-01
1.621592953184327612e-01
1.629511783327233232e-01
1.660140315659164312e-01
1.669675415058855528e-01
1.613700335981883560e-01
1.650245030097201582e-01
1.659741370918166314e-01
1.652378845577614497e-01
1.643897936793468073e-01
1.646132267243166636e-01
1.680238773833002686e-01
1.664976319449149589e-01
1.643374410991249590e-01
1.722348560459258104e-01
1.589866128099167719e-01
1.659988607145738149e-01
1.655316889151918769e-01
1.642361136174299574e-01
