3.813927038659412627e-01
2.977877754640413377e-01
3.638072421583546934e-01
4.232788832208612684e-01
4.130137186755002965e-01
3.705170073582616519e-01
3.274174124863625801e-01
3.027108724168157128e-01
2.980092644618783648e-01
3.026877589462558804e-01
3.052480066049781948e-01
3.022392874248666095e-01
2.983353467462495079e-01
2.991535171200323528e-01
3.080027457578353722e-01
3.205762715141858843e-01
3.305638073080687800e-01
3.327573134101660113e-01
3.260805818985941240e-01
3.142942873740961485e-01
3.033389984083194602e-01
2.984762773854929829e-01
2.977941022087866596e-01
2.979272185128586381e-01
2.977899514200036402e-01
2.985680634682699175e-01
3.014773177270286819e-01
3.053713759364937719e-01
3.060892857162575975e-01
3.032326340782091068e-01
2.990888340490404085e-01
2.979143624050856198e-01
2.985671432033065731e-01
2.979541241900689474e-01
2.981256444186396459e-01
2.998314329545691548e-01
3.010137462850311918e-01
3.005022842543683126e-01
2.990505234615510322e-01
2.982629278619767232e-01
2.979605243916321200e-01
2.978172689582154753e-01
2.978350989801904491e-01
2.979348819622327227e-01
2.981052218153789068e-01
2.984398849746137117e-01
2.985484105720553893e-01
2.982606237154553641e-01
2.978561705708794305e-01
2.977896321550287384e-01
2.978067043716290385e-01
2.978492698812739148e-01
2.979091030556286768e-01
2.981873542620618878e-01
2.986617258748580639e-01
2.986545026609060960e-01
2.981702642597046093e-01
2.978797067688621070e-01
2.983145021503128547e-01
3.002944338013506798e-01
3.003098526226214426e-01
2.982097856209333653e-01
2.980225396510542968e-01
2.981012143573561479e-01
3.000241642225753846e-01
3.019727418086153303e-01
2.983006394277695206e-01
2.978262613101678724e-01
2.990226787404878239e-01
3.006967906351346587e-01
2.978074503259192651e-01
2.986147939529794071e-01
3.004134858263802776e-01
2.983885010760261025e-01
2.977920845473723821e-01
2.998961016888535003e-01
2.982465633827492413e-01
2.979383124580929909e-01
3.022893455113657701e-01
2.979825015119659248e-01
2.978598927497771998e-01
2.994824967362276213e-01
2.982568337889742738e-01
2.980476072353523964e-01
2.989187078970266809e-01
2.985063758680042145e-01
2.979897284371829658e-01
2.988945984747387596e-01
2.985888036175352589e-01
2.991653119158055318e-01
2.978880949295904523e-01
2.977882075032207698e-01
2.981733739625824775e-01
2.980032795016168690e-01
2.983644512690623030e-01
2.983952712322058831e-01
2.980293580142046039e-01
2.984554677030106795e-01
2.983964143000470415e-01
2.995878308881544383e-01
3.005457502416221116e-01
3.152212782509166145e-01
3.229803506177220118e-01
3.009100507542171732e-01
3.082327798756064885e-01
3.103232172260578237e-01
2.979554691592557480e-01
3.181925407266528172e-01
3.012883509840732499e-01
3.026724193402571261e-01
3.031853596626402636e-01
2.984901113966331732e-01
3.040453867488250861e-01
2.978355894902320333e-01
3.051815609021542031e-01
2.983053814958509520e-01
3.049736842266865811e-01
3.010879787214461034e-01
2.980404279982913351e-01
3.034253257897004952e-01
2.978765168948146469e-01
3.006804158165981011e-01
2.982853624150343386e-01
2.984368491116875521e-01
2.982214711604697088e-01
2.979514439081923927e-01
2.978327682985106861e-01
2.983189393598441042e-01
2.978600833013214100e-01
2.979015068769185204e-01
2.978403835546572509e-01
2.978607416452142553e-01
2.985581188232371286e-01
2.977880877606848831e-01
2.977880456903732043e-01
2.988255363206591131e-01
2.978060918203022656e-01
2.978333181603648461e-01
2.978267796820528446e-01
2.992539471637414294e-01
3.075538464870939404e-01
3.015195263828543970e-01
2.991562728253004400e-01
2.979681769340587483e-01
2.986205970460721337e-01
3.026467729538059315e-01
3.026282641276042407e-01
3.085173984662131774e-01
2.988862040647629614e-01
2.982177462695250192e-01
3.079330289535686660e-01
3.040460820976221834e-01
3.001311001017644697e-01
2.978347165096160154e-01
2.985270002633767517e-01
2.997647385399224707e-01
2.985232235138431944e-01
2.995051759877028763e-01
2.981064665595012375e-01
2.989214137621247769e-01
2.978435638372183281e-01
2.977877594485136559e-01
3.020454958429967807e-01
3.038574285076472981e-01
3.028753617183924662e-01
2.978022118171705923e-01
2.999894291784024336e-01
3.065333952291753317e-01
2.983466536388087453e-01
2.983761950318919443e-01
3.013057272157164679e-01
2.983625223130471626e-01
2.995395039393321523e-01
2.977880819950404767e-01
2.978107532720509765e-01
3.006611475955469626e-01
2.994164425822092301e-01
3.038749869027251860e-01
2.994272497700931623e-01
2.989866203847328929e-01
2.978844401849995993e-01
2.979205368846142843e-01
3.029402773276327343e-01
3.089260826644737445e-01
3.172344279180630000e-01
2.994711132255639674e-01
2.978060808847435847e-01
3.071361695269450021e-01
3.020760110381772723e-01
2.989759158788555249e-01
3.028241516033427505e-01
3.039616759861462070e-01
3.022572777876855188e-01
2.986101375817805659e-01
3.051644409251783596e-01
3.103846978875909324e-01
2.987784960226188558e-01
2.979008368654960659e-01
3.056848419542465001e-01
3.038809049347266367e-01
