1.076801904719157932e-01
2.308643803148435758e-03
2.166228152963700637e-02
2.848858770941109508e-02
1.183749332235162210e-02
8.355136638089621925e-04
8.548306508799785597e-03
2.979731964536391775e-02
4.652536055745470911e-02
5.100822933172677320e-02
4.386348622864988389e-02
2.975099954732340901e-02
1.510522091977706260e-02
5.003358073500274728e-03
1.069685429836875201e-03
8.446756516992115493e-04
1.025778007019306770e-03
7.202152219442092829e-04
1.475771727207364492e-03
4.938684984187480254e-03
1.090863226224125793e-02
1.730197646116093946e-02
2.160816672086507406e-02
2.244690022279216546e-02
1.985620203643467807e-02
1.512953113096315860e-02
1.010891869731278536e-02
6.010664864427361920e-03
3.442065374780423070e-03
2.242032494594425884e-03
1.968998194619930864e-03
2.422157259638346716e-03
3.679843958399486858e-03
5.819825971931424924e-03
8.553994613827109461e-03
1.120357655533910091e-02
1.296394187544513965e-02
1.338380711775266629e-02
1.239829030536931942e-02
1.044779171853071897e-02
8.199776613236675615e-03
6.270198100451707113e-03
4.982500621614871505e-03
4.357564385457646239e-03
4.340482360083441904e-03
4.877798483713391420e-03
5.880840959168076587e-03
7.220370918568530527e-03
8.590236891804714503e-03
9.651332374160159766e-03
1.012968466355890218e-02
9.934219666044796782e-03
9.133487521365557527e-03
8.056515849643952620e-03
6.974050007965582054e-03
6.130048436119972521e-03
5.700466029491702002e-03
5.665733678032469633e-03
6.019898954171543082e-03
6.628968173270188835e-03
7.346721843529246954e-03
8.012223544436869460e-03
8.506995537155392917e-03
8.652963896888965500e-03
8.452674418069627826e-03
7.964660388887545572e-03
7.405857020911676969e-03
6.928505405508156301e-03
6.597788930770454030e-03
6.457929579880450355e-03
6.528668015835625837e-03
6.763029717306801025e-03
7.192400199510950998e-03
7.587907165974905332e-03
7.838496549523066292e-03
7.910340020234718494e-03
7.857927893718530399e-03
7.637143962852865897e-03
7.328223203992956236e-03
7.035821218227544804e-03
6.861447093541750419e-03
6.817551827953516330e-03
6.881959022891015465e-03
7.076134417271506827e-03
7.288164393966289900e-03
7.456560368097941982e-03
7.557381893456005528e-03
7.567477567432590035e-03
7.607927185694474126e-03
7.520599946399530999e-03
7.324859520252968714e-03
7.160981187358750333e-03
7.105467499057271930e-03
7.078395531999404078e-03
7.136121334198608501e-03
7.275005246553334359e-03
7.442531109578043313e-03
7.538426694145505813e-03
7.555509627433232289e-03
7.582732261585789502e-03
7.543861344348923303e-03
7.356412827039915392e-03
7.035728998507462251e-03
7.068489101374253458e-03
7.110601543973360528e-03
7.180900251371857834e-03
7.265520882094866906e-03
7.334654497806458728e-03
7.306568002575231091e-03
7.240080271151194680e-03
7.212677524225274972e-03
7.254128516928859405e-03
7.370787732415506888e-03
7.484338252232491939e-03
7.483230849967714704e-03
7.403606531239392829e-03
7.270826750857106724e-03
7.237541725574003770e-03
7.201736421801441246e-03
7.175476543066605650e-03
7.235158642626027259e-03
7.383761772010055680e-03
7.469576487162066236e-03
7.458707880580339733e-03
7.364743892860792229e-03
7.229734700206824627e-03
7.107268996526139304e-03
7.035639990288666823e-03
7.081477999974827853e-03
7.208174022962032801e-03
7.269833222874555467e-03
7.321021937833127602e-03
7.332154383026812106e-03
7.305675292158753109e-03
7.302391866765844952e-03
7.439688797611809790e-03
7.551349362890813488e-03
7.536959748416727223e-03
7.454915841445308722e-03
7.303769245728730652e-03
7.201910843543601892e-03
7.123356217505816268e-03
7.156614050988885367e-03
6.960333463632784046e-03
7.715937598422484278e-03
7.854806482900045239e-03
7.811298935967658785e-03
7.538418812316205475e-03
7.242319640519911950e-03
7.023682951169840649e-03
6.911699905654211662e-03
7.014041103908574826e-03
7.309074729313635999e-03
7.655109914719182562e-03
7.864512285823965776e-03
7.829249189377440743e-03
7.669100598155287329e-03
7.457560105520011362e-03
7.214859772321835507e-03
7.069779773797413291e-03
7.006780075403784558e-03
7.112834080423846572e-03
7.259281913139181697e-03
7.389017534750186300e-03
7.388316371765291102e-03
7.486190014348359512e-03
7.412382945226392295e-03
7.288681998896429093e-03
7.157787055359077222e-03
7.173049663547259591e-03
7.162831874226616158e-03
7.181068555603076220e-03
7.342848708910221234e-03
7.432461880810481425e-03
7.424717340709818814e-03
7.331295643648760851e-03
7.304530048100943418e-03
7.253286029941796720e-03
7.250321041659679722e-03
7.432027652520156735e-03
7.659653641944763613e-03
7.779660667710852628e-03
7.620599275647954585e-03
7.284399616145020850e-03
7.230974232816822500e-03
7.176271541874390536e-03
7.102288549330149081e-03
7.332205318231754809e-03
7.489317762485958596e-03
7.546370099902666162e-03
7.428170930667610250e-03
7.300778226026372053e-03
7.156197510504225257e-03
7.109531347351816244e-03
7.260330955665139641e-03
7.371173888736426427e-03
7.403935461857469313e-03
7.330748306967116434e-03
7.279708022783992760e-03
7.345557550730852370e-03
