9.074908356716170355e-01
1.036019456312010423e+00
1.037491775168527752e+00
1.112518443556273384e+00
1.133899543909533625e+00
9.609437839946707305e-01
9.796346586674052892e-01
1.155978306649570353e+00
9.055042808103093144e-01
9.394947911687316910e-01
8.807401853732432784e-01
6.547832476193458096e-01
7.271383409560172595e-01
5.314680715212060091e-01
7.905186899968043024e-01
8.242937152363498665e-01
6.187127091271260593e-01
3.941746048370238231e-01
5.195878786382914782e-01
5.200216297111677211e-01
5.133124855808630649e-01
4.324670808299400093e-01
7.293744567525006772e-01
6.432804780969239022e-01
4.963719557340730004e-01
4.948122669847105914e-01
5.282278170984766597e-01
6.309828237520438421e-01
3.845034793697670317e-01
6.665768537808111072e-01
5.135614889606905376e-01
3.641027517523277579e-01
5.357876917852024690e-01
5.726771910948161848e-01
4.748495527070972777e-01
3.448335016980117462e-01
4.098611215890022308e-01
7.405852464572015847e-01
5.902877201178826638e-01
6.230363646465628680e-01
4.528762614135637410e-01
5.378916232844638268e-01
7.068779147107895344e-01
6.480262451908731514e-01
4.180791320918129106e-01
5.861800242402648298e-01
7.134692945436296174e-01
6.904173997309668298e-01
3.607455153164222938e-01
5.825590700635829844e-01
1.918705919761463097e-01
6.322300232227346939e-01
3.509401474922246855e-01
6.034092306911287285e-01
6.018855202755361011e-01
4.732127235110945573e-01
5.303457168133437483e-01
4.922789379911476360e-01
3.746203858847754198e-01
6.088383053588248828e-01
5.675426503421541202e-01
4.091090088352183907e-01
4.747291340219665923e-01
5.819925640580230208e-01
5.861815047416869540e-01
3.751166408564499122e-01
4.139044812096520642e-01
6.035556983666522379e-01
5.262120488242661986e-01
6.546458751279377042e-01
3.595725939765227475e-01
5.717975380971497268e-01
5.464015951076945932e-01
5.903996867403857873e-01
4.803725042562360104e-01
5.447562810933039845e-01
4.599063108195179383e-01
4.986044890794559814e-01
3.536889485606125039e-01
4.854110726857205904e-01
3.993172959684992973e-01
5.206343928714317615e-01
5.748105939680174803e-01
6.849355213929904096e-01
6.089654465121043803e-01
2.571689385727446986e-01
3.881583108644112157e-01
2.688820934319209321e-01
2.734734274093736373e-01
5.058266934266555381e-01
6.117661975500823246e-01
4.629623611006120631e-01
5.897207774731005880e-01
2.973948344450159098e-01
1.906997896522432123e-01
5.736653831074930432e-01
2.138961832105776839e-01
6.058855646789649274e-01
6.462909155361111768e-01
7.333479693190283477e-01
6.910118399403517575e-01
7.099657530526173321e-01
6.287122763259965774e-01
5.847713708057429294e-01
6.172758958625026438e-01
7.209891350182262570e-01
5.787481215418142089e-01
5.736008674382937489e-01
4.625080836003704343e-01
3.544247702137067746e-01
6.003303303470922669e-01
5.633793827063890980e-01
5.346476914112003875e-01
3.948223345249293192e-01
4.463733526548016028e-01
6.893892989212466738e-01
6.929573909611368432e-01
6.676454363582926543e-01
2.407739499171926978e-01
8.391081789623593412e-01
5.670221518602733823e-01
4.821732210979221556e-01
8.561572568947026785e-01
5.947265910124215349e-01
6.204525476569467957e-01
5.668285141721867149e-01
6.647295229897810520e-01
3.846618235167922339e-01
5.721706375536088629e-01
6.246908464777060077e-01
5.252253455524595882e-01
6.401884300135614048e-01
7.931934599769370209e-01
4.127202875101582125e-01
5.967815576595634219e-01
4.601850853035657218e-01
6.435175414670715188e-01
6.862708219143731636e-01
3.913446019384824170e-01
7.220271405498842610e-01
4.480417553648753382e-01
6.322301045621050442e-01
5.122167150030561000e-01
3.746694126291135740e-01
5.325059156763254364e-01
4.460942247997029542e-01
5.512788171868994169e-01
3.935403769065727309e-01
6.117818481988935853e-01
3.956750484682541869e-01
5.324833137173394793e-01
4.704432830590040693e-01
6.513148351937034786e-01
5.886691440650186902e-01
6.483802543256771411e-01
4.480789154181051837e-01
4.826213809744075434e-01
5.738435030398807424e-01
5.485118070289706216e-01
6.805078425786814655e-01
5.775480964124248828e-01
4.245926732550683314e-01
6.601170247259513513e-01
3.711753859719177928e-01
3.143512036605815574e-01
4.868216546117980492e-01
6.533826066625130213e-01
5.163305018366977084e-01
3.209712523686428787e-01
6.206591235732881184e-01
6.436095317814283234e-01
5.067064874972457833e-01
4.969765082784737276e-01
6.633542765672364450e-01
5.246980539853638437e-01
4.139423024341454260e-01
2.570179036907499492e-01
3.833381137631408642e-01
4.600319138105297689e-01
5.306208637021957442e-01
6.321251602982296269e-01
2.685735624941019140e-01
4.794325506000253201e-01
3.291322496713258161e-01
6.622019866702835156e-01
3.025949757824892838e-01
4.181139009966593489e-01
3.972359913277758725e-01
3.501447202070445686e-01
5.223530798071567283e-01
4.686685395815017863e-01
6.827176415350384442e-01
4.910911119250035428e-01
5.204524961154923801e-01
3.041628434811933790e-01
6.667115498264085671e-01
6.367148127216450959e-01
6.340129610420992545e-01
5.258116724722603497e-01
4.567594876174079221e-01
