3.476946405896379488e-01
7.570892415361984984e-02
2.048806442015882467e-03
5.084896238703262572e-02
5.216619101764430333e-02
2.015469821876769707e-02
3.701441657676385333e-04
1.650395219115308176e-02
5.357217321669949239e-02
8.111306480226110338e-02
8.292564740808572310e-02
6.433846706822077266e-02
4.009723568088563450e-02
1.809769495755608748e-02
4.635153724063312275e-03
3.887625677688744119e-04
8.494642560715748303e-04
1.471631656584815318e-03
8.079536845125856459e-04
3.101030599409471122e-04
2.177287849638553929e-03
7.351664972304439161e-03
1.472216830533790155e-02
2.153088228535748883e-02
2.550615168635694818e-02
2.543175273720654772e-02
2.178491234079515948e-02
1.621948167301301424e-02
1.049999844307836216e-02
6.141400476348923831e-03
3.316224071260531758e-03
1.915614444785940229e-03
1.492054389732211384e-03
1.747639024411884456e-03
2.735172799514518083e-03
4.686543275379873030e-03
7.399090023852972209e-03
1.038959185698917764e-02
1.295160913817705595e-02
1.435538694550542171e-02
1.435802888210202521e-02
1.299360933322801781e-02
1.077549776358777134e-02
8.442073392986193525e-03
6.432666384650453928e-03
4.992949386127043532e-03
4.236486434045283467e-03
4.130889759685563156e-03
4.615723307798691444e-03
5.594207306997001083e-03
6.866885650614884540e-03
8.300269213498134846e-03
9.536255448733155227e-03
1.018103007554949091e-02
1.020887022282912504e-02
9.657140852124546093e-03
8.706788292977662991e-03
7.648391465283954638e-03
6.647776293214113785e-03
5.891860357625455791e-03
5.480440054045687681e-03
5.509840203044458207e-03
5.958428578413443866e-03
6.685716685617348887e-03
7.517167776835087523e-03
8.323840661229153781e-03
8.944551614548990059e-03
9.181082261889073060e-03
9.075262642163961502e-03
8.613150628238863682e-03
7.946432951257187405e-03
7.255574586890745081e-03
6.694349712961344956e-03
6.361521782569323769e-03
6.327073744521349852e-03
6.502902534281318481e-03
6.902611112741041666e-03
7.398198864172478295e-03
7.873916455355955968e-03
8.180028612297718382e-03
8.295761540566104486e-03
8.253756373076126529e-03
8.019224317873496766e-03
7.701887726932810097e-03
7.356865006555302067e-03
7.069296546418857297e-03
6.979275579492960624e-03
7.083483527050793427e-03
7.302587915887448489e-03
7.620076372573447721e-03
7.870238716389699185e-03
7.988877768322688588e-03
7.937472260854172568e-03
7.824250849024827481e-03
7.623653302934019216e-03
7.396515023309402359e-03
7.354185458023354549e-03
7.317961880314638456e-03
7.318884484863619200e-03
7.349482995784861750e-03
7.399039400631690633e-03
7.372707639609066277e-03
7.406526845470162712e-03
7.506775506113894103e-03
7.611901829406853004e-03
7.697459063244815880e-03
7.711709190708182504e-03
7.648982333000264866e-03
7.455834011672046735e-03
7.281658758712228341e-03
7.184008590021773166e-03
7.148026202882795666e-03
7.193768240878251063e-03
7.295272210475767238e-03
7.426334371871012863e-03
7.604467640019874075e-03
7.718559359437326961e-03
7.745768224353577480e-03
7.592846760630433955e-03
7.456347022212872488e-03
7.373016416876265744e-03
7.402310771393527666e-03
7.437608574987430998e-03
7.468515961297605976e-03
7.493333271383129102e-03
7.498283489203450003e-03
7.483586875764225432e-03
7.550997583809504476e-03
7.559126781551239738e-03
7.540056786486615259e-03
7.490987665355830494e-03
7.429658436838959545e-03
7.407729411919694584e-03
7.467558707360932857e-03
7.498541876902242720e-03
7.506762635136610129e-03
7.497057710436849653e-03
7.543311292264487378e-03
7.656551576136316761e-03
7.595145746528642050e-03
7.406797792931074653e-03
7.208004752088381650e-03
7.011877073088701451e-03
7.004064868649351183e-03
7.130223207892250059e-03
7.246369655000250987e-03
7.411165022917387546e-03
7.567370133125250753e-03
7.672417927983121722e-03
7.690809501779138913e-03
7.624600006236437189e-03
7.560637185596408294e-03
7.443476384703995308e-03
7.335068191522076120e-03
7.342769064873300167e-03
7.282135832969660605e-03
7.396787897321122074e-03
7.493976052064921234e-03
7.615887208641813899e-03
7.646396549620515515e-03
7.588115540868467512e-03
7.483844047653676057e-03
7.455387506011379450e-03
7.504938305461061887e-03
7.566835696542040246e-03
7.577495976777370856e-03
7.537999488394842018e-03
7.486516607638438181e-03
7.396431965074889980e-03
7.308728411788756318e-03
7.358409213159222695e-03
7.409240729517208024e-03
7.439165074266007593e-03
7.464258041058435822e-03
7.476129767177042140e-03
7.471983838100548780e-03
7.524236426702302083e-03
7.539462296339394243e-03
7.486444677983650209e-03
7.425674963303596776e-03
7.373861758352973084e-03
7.348224908607536854e-03
7.355463767040770762e-03
7.389629038700218366e-03
7.517879077961531209e-03
7.728928875030072199e-03
7.872822727268968812e-03
7.848824242852936450e-03
7.675776692152802561e-03
7.485213033276871819e-03
7.227394419768273792e-03
7.116117388301534952e-03
7.145956536317998875e-03
7.278140274134647925e-03
7.455914126392459984e-03
7.747565347917872991e-03
7.947747711104957702e-03
7.997004345749902932e-03
7.842027821195807213e-03
7.595001766686926281e-03
