9.937613135945541076e-01
9.925119144729386278e-01
9.924819718555570880e-01
9.929594475011613852e-01
9.935635799441805416e-01
9.932282683714297455e-01
9.932681556287166202e-01
9.934174429971834863e-01
9.936774128202762180e-01
9.937247594267802908e-01
9.931898650776079807e-01
9.929056861301194248e-01
9.925788680270535291e-01
9.919171986014782005e-01
9.906492658271454088e-01
9.900027494157526142e-01
9.892268468530972525e-01
9.881511569224913361e-01
9.853966467497631276e-01
9.820541454889301081e-01
9.780165410516975522e-01
9.745769401122310605e-01
9.724823458216718119e-01
9.678163117798848081e-01
9.608956833036208511e-01
9.502504926829969945e-01
9.349149835439336531e-01
9.187438384215800280e-01
9.026476333202131386e-01
8.828286162010192673e-01
8.573966949307553209e-01
8.276591028395765548e-01
7.944370094525834425e-01
7.630478774949593923e-01
7.308301983686724679e-01
6.954274612808752920e-01
6.648425682373204637e-01
6.371736141989595703e-01
6.143640879340805938e-01
5.915298165566309496e-01
5.741658290649671592e-01
5.603078173685933638e-01
5.599984778424558218e-01
5.590424868194139307e-01
5.594530266232000670e-01
5.636343230835416662e-01
5.656495856710566095e-01
5.659691000673892081e-01
5.610841147590699407e-01
5.556928564485985600e-01
5.521622856894730091e-01
5.467450113711485038e-01
5.426588774274616611e-01
5.374386763923719723e-01
5.330589963744506443e-01
5.282745158443987732e-01
5.245090078243885845e-01
5.210213673783203880e-01
5.213016718014061857e-01
5.209142830560894444e-01
5.197536057067619897e-01
5.184906331144667480e-01
5.204011023763134292e-01
5.207920714035678689e-01
5.226525434126089165e-01
5.250341060324905662e-01
5.304979596022505461e-01
5.257834613245455646e-01
5.177581867844470720e-01
4.998588327234585460e-01
4.850919270013729356e-01
4.785181267008453698e-01
4.564825066816070587e-01
3.757861753296229956e-01
4.513171665230408802e-01
2.616977320562818843e-01
2.966914757214225151e-01
1.695102836382205158e-01
2.507235374399439110e-01
1.978993752447302246e-01
2.107284240891453830e-01
2.161631578813147936e-01
1.400271798464575168e-01
3.535476729935562723e-01
5.420108980336890703e-02
5.727793727593266659e-02
7.218467157227625997e-02
8.265825785659863811e-02
6.784749298038783571e-02
8.348993142845406723e-02
6.882410918927917010e-02
4.758297640291742070e-02
4.405235315227939985e-02
4.239246525400708343e-02
9.728113487368872381e-02
9.242950405731154007e-02
4.654938830882560108e-02
4.726968297401534791e-02
3.703632613566143483e-02
4.622477300079297358e-02
4.195259459110012301e-02
2.153857521326885127e-02
2.335592672777742074e-02
2.105727357509246112e-02
4.663256687245209697e-02
1.021764510997839048e-01
5.159333288224643432e-02
5.155810060482157731e-02
8.463195678470802896e-02
4.528949816560090547e-02
2.268474049410129645e-02
1.038004034908619477e-01
4.180010967612290962e-02
1.273777626924785800e-01
1.425264706956155258e-01
6.527255619570504486e-02
3.763681031719223746e-02
9.217633156882221179e-02
1.237699024588676533e-01
9.481071308395061514e-02
4.691717749265678084e-02
4.465871211896477178e-02
6.265996499052806090e-02
5.731326072392206594e-02
5.599700597546186653e-02
8.188435814816563685e-02
8.500563358083579324e-02
4.721397382784586760e-02
4.104278667167338135e-02
8.128704421846766337e-02
1.375220140140633873e-01
6.582640255083382907e-02
4.868361501096607480e-02
5.355893501174102678e-02
1.032776532970167693e-01
7.610793994180398148e-02
1.979941291977393991e-02
5.976823125489094668e-02
9.052429813469919928e-02
3.221964502953333920e-02
1.885704179563463256e-02
5.102583283743322706e-02
5.976832341063542664e-02
1.220362073140535131e-02
2.118510819134611367e-02
2.185647664764700515e-02
2.228547097671895738e-02
3.800128415393644321e-02
8.846690748201524457e-02
4.220821938053120892e-02
3.410226984898367952e-02
1.670421533590449314e-02
2.199907051238048084e-02
4.033812442806894438e-02
7.026243084295735741e-02
2.468697404754149893e-02
2.489911106646758299e-02
2.727451592637120115e-02
3.891133275653158030e-02
2.149776856724372465e-02
2.823566556549961248e-02
3.480626628315897086e-02
2.999943871199972634e-02
1.906323451364477783e-02
1.657503103706226000e-02
2.294166037477340936e-02
3.680517304680908097e-02
3.307959121546466541e-02
3.977483358206423958e-02
6.514340605171287102e-02
4.577160194482599032e-02
2.519039543190748631e-02
3.836690197181269468e-02
2.793689803770238456e-02
3.331411876406020767e-02
5.722300043126893332e-02
7.132177850042387135e-02
3.778540389724094339e-02
6.610676888858080247e-02
2.253503643972847303e-01
1.040593028626632943e-01
3.239776097351421136e-02
2.015832195590827602e-01
3.651765957755905845e-01
3.023471716906960260e-01
1.086530273043473382e-01
6.926500442314620365e-02
1.818873103045295370e-01
2.660657742765908385e-01
2.708962927479474647e-01
1.949406562960669387e-01
9.433617905606028753e-02
5.948788590538001131e-02
8.361114023941129680e-02
9.686928450322285222e-02
6.660442695601687113e-02
5.482916012780947312e-02
6.284044666746368968e-02
6.480210832635591167e-02
7.082551492232902479e-02
