1.201479366567969054e-01
8.389317244956318032e-02
9.733203289087066779e-02
7.112528096859194182e-02
6.553051324507808140e-02
7.878151634728292052e-02
8.098765881558289692e-02
7.068170863233602663e-02
6.408788373017226814e-02
6.745447300918039346e-02
6.941198717123808759e-02
7.280755049210174690e-02
6.756118627892904183e-02
6.365037752597568765e-02
6.425792556605980366e-02
6.799575050604200754e-02
6.878785467252679364e-02
6.387280576582610170e-02
6.411799614552349258e-02
6.376260504840869370e-02
6.534863331740381476e-02
6.684182959028472926e-02
6.613642012729248343e-02
6.487996778094240469e-02
6.398082260797910426e-02
6.384142589902863651e-02
6.555743808367364700e-02
6.260799957796336912e-02
6.690598704646877337e-02
6.325152709029890907e-02
6.366512814366642736e-02
6.423549080421020463e-02
6.481237046602761342e-02
6.442467276376673269e-02
6.068278902042978373e-02
6.699102894419928234e-02
6.141955547870991960e-02
6.382104008789524219e-02
6.378086278666328379e-02
5.944717689364520385e-02
6.333957504644205372e-02
6.428392470628419009e-02
6.413289850368852907e-02
6.387794094998722194e-02
6.106874589933686259e-02
6.051994736653254492e-02
6.403252743001497382e-02
6.363715009251902366e-02
6.397541945607143621e-02
6.734965223936650869e-02
6.401305904834697635e-02
6.050779789409699294e-02
6.343014865763796362e-02
5.936760997221157687e-02
6.380525761938971030e-02
6.338241833686208970e-02
6.354803615611959167e-02
6.382257420994363883e-02
6.379717307286614236e-02
6.346654855039302046e-02
6.788832690709289963e-02
6.389306227142754757e-02
6.414814471935581519e-02
6.381225870232920538e-02
6.851417193470021871e-02
6.375667754348601779e-02
5.870245532564266622e-02
6.375109203030493443e-02
6.735585426473145176e-02
6.369550766865128555e-02
6.347232597266783127e-02
6.313200815085262541e-02
6.339373067539644246e-02
6.370546404309496147e-02
6.367299082653232745e-02
5.999766077138213305e-02
6.329711872132182116e-02
6.401062991074624176e-02
6.693104946568306790e-02
6.756765054088242906e-02
6.683622853907678074e-02
6.299020031829971611e-02
6.029544417096888154e-02
6.408548100694100302e-02
6.406421300229214744e-02
6.391838378690917200e-02
6.344949339629069041e-02
6.343048892130942473e-02
6.685475846463972971e-02
6.361449960738185805e-02
6.357747939652513836e-02
6.306304932101003402e-02
6.377907004803939905e-02
6.336987278540406887e-02
6.469480436711305682e-02
6.368234958922269762e-02
6.421271126090233317e-02
6.372564598737118224e-02
6.334381334231597993e-02
6.357369032166926281e-02
6.487823349769983317e-02
6.431610868491621780e-02
6.356711244491886070e-02
6.330605017599477691e-02
6.345262805348084179e-02
6.357605084382300653e-02
6.798978243912268127e-02
6.292774287693958524e-02
6.369205370325203841e-02
6.168076275188671964e-02
6.356214052592212838e-02
6.385949674165092294e-02
5.932239827134400123e-02
6.462878508251623799e-02
6.377048496783288556e-02
6.422293471396178788e-02
6.060834245077795224e-02
6.395912444803197872e-02
6.367294489641095456e-02
6.386952483548413717e-02
6.317685798058336744e-02
6.650820469742280139e-02
5.981007157266271523e-02
6.382474672615645606e-02
6.431746180277597702e-02
6.056120291722011384e-02
6.430511323628385068e-02
6.409726882332700271e-02
6.296949120992367810e-02
6.357669924940434480e-02
6.344534769997778323e-02
6.395941535767146746e-02
6.444951632060802460e-02
6.375066759398950733e-02
6.438605972298039326e-02
6.801369933032130888e-02
6.406517387953514220e-02
6.364873861795783405e-02
6.344561239223134308e-02
6.422507241820996082e-02
6.054539485419141442e-02
6.009176373458813281e-02
6.485354087828765213e-02
6.059340092062004413e-02
6.432827865652823718e-02
6.358453431719834903e-02
6.777712574835392800e-02
6.390906009621322159e-02
6.549104482617351675e-02
6.865745878050488749e-02
6.641779987224194493e-02
6.305985152401494265e-02
6.332830767652097848e-02
6.687384707748689205e-02
6.635355672078480094e-02
6.430633236290006494e-02
6.431120486914276846e-02
6.292395796760386073e-02
6.454558111643193818e-02
6.110632103828383954e-02
6.332297206685244539e-02
6.311624185148001498e-02
6.439895832175535073e-02
6.331288953837121980e-02
6.450225295242295598e-02
5.997523334563537034e-02
6.436654478107872723e-02
6.275558824046301165e-02
6.346157888873338315e-02
6.499193488432408738e-02
6.406370525325288945e-02
5.935301921095659239e-02
6.340511962898953691e-02
6.185818018159272569e-02
6.048496021427507419e-02
6.359817983054216750e-02
6.339416199339775737e-02
6.380457492984703549e-02
6.326878805731395161e-02
6.013627479305749812e-02
6.358355259542203264e-02
6.112521017302197102e-02
6.346097488761714978e-02
6.458856813572888544e-02
6.345069085406518372e-02
6.347480231194424505e-02
6.034731196875597892e-02
6.371358867890497546e-02
6.080445942818613059e-02
6.408992168220439822e-02
6.339402206390676309e-02
6.318474079501457119e-02
6.350716951251544895e-02
6.351825708434066797e-02
6.381238333639349669e-02
6.398087074892688797e-02
6.446710959566814836e-02
6.459863248776054334e-02
6.422942759984673344e-02
6.076575598723399363e-02
