9.492577539160658162e-01
9.543143990046445424e-01
8.122327568435020462e-01
8.246263505132556126e-01
9.251899704391660650e-01
8.568821016306904514e-01
8.260153188852287220e-01
9.389052308078864595e-01
6.731263888935858919e-01
5.687801851863880653e-01
5.060425462937496732e-01
5.458945352167230425e-01
5.208308619986854460e-01
5.636763715330839197e-01
5.097017853642709095e-01
3.970762008738019100e-01
5.733475714250577671e-01
4.852804727412854957e-01
4.683607152470472546e-01
4.575571048885723746e-01
3.464205139260150279e-01
4.023473098377166046e-01
5.800434337750721703e-01
6.606908230944454896e-01
4.989660211215095620e-01
6.479651512196730190e-01
7.391255344636702418e-01
8.100697498152960030e-01
2.891391961852644021e-01
5.227991784609025139e-01
5.235616387065419319e-01
3.931721553801468261e-01
4.915984959525558917e-01
7.294398669002830626e-01
5.172523945628118014e-01
6.112593187523088778e-01
3.235825626532156107e-01
5.467932986570855913e-01
3.949301473983987121e-01
6.598400219322297922e-01
1.771710559875542268e-01
4.045440885858492264e-01
2.805569930140421331e-01
3.572059540639505038e-01
5.438692383592285129e-01
6.214276326485856927e-01
5.264895219817764538e-01
4.527992471985334832e-01
4.674629941978910574e-01
5.246896756403165440e-01
2.873662437787761759e-01
4.793195706702545467e-01
3.831347297922619299e-01
5.610349892795201132e-01
5.118699115215361584e-01
6.363224526922766078e-01
3.260154043547774938e-01
5.971039453342088521e-01
3.282406525021858146e-01
5.262500211353537960e-01
3.461727329959063404e-01
1.196186540994080838e-01
4.595624077540301222e-01
5.065019302761474274e-01
6.075705916957719888e-01
4.842044912197419615e-01
6.359240484635131363e-01
4.468634364778044654e-01
6.037976481208133794e-01
5.145181750244187668e-01
4.963885060277175576e-01
4.753243377274763981e-01
5.595379423139945629e-01
3.505576767210449862e-01
1.787191347525610707e-01
5.509980013989738135e-01
4.883449205179495323e-01
5.183994849256456927e-01
5.584309072631165050e-01
5.467060074961960225e-01
4.579203348620092262e-01
6.827865560612251805e-01
4.609755160975095301e-01
4.384161802734718449e-01
4.671776056596553817e-01
4.353546930395413295e-01
4.163971967033607280e-01
5.054895742269633896e-01
6.260833289859913942e-01
4.840847135859885908e-01
5.986954004718623157e-01
4.821691313597010753e-01
4.346305232413033570e-01
3.009787930670220213e-01
5.421139616728907207e-01
5.059304908577875182e-01
4.845913048661367739e-01
3.761892904334511734e-01
5.707372734080986554e-01
6.332491396290753638e-01
4.600438770245043330e-01
2.675162804361455038e-01
3.430083546969858732e-01
5.901067721478938655e-01
6.492036190782505267e-01
7.457798245563629358e-01
7.431547362616106600e-01
6.187603120626465891e-01
5.636631351726619776e-01
4.502599394535262700e-01
5.303650529767252042e-01
5.618136087280549695e-01
7.365209572068317501e-01
5.995718720893874476e-01
5.659826078909748759e-01
5.037097386760387430e-01
4.001096981949185949e-01
5.139883828281114342e-01
6.060175763509825231e-01
6.676947944959383818e-01
5.939766262974834898e-01
5.770515704611505203e-01
4.639238801412739477e-01
6.110799611124385633e-01
1.447798248838165769e-01
4.191167447461759954e-01
6.807652518520866947e-01
5.381879216894729367e-01
4.469119155815985955e-01
5.150453876267568898e-01
3.083943442559690107e-01
4.015252012024065342e-01
4.490039582211857727e-01
5.901878075300157622e-01
3.204232173461030175e-01
5.555761494264690459e-01
2.229388026600817030e-01
4.602556376433436514e-01
5.907550934596528247e-01
5.744448750220433331e-01
4.493304360028668176e-01
3.930119539527423544e-01
5.294864097223890287e-01
5.286586031992084322e-01
4.550290242396580753e-01
5.150796036309617243e-01
7.050869867974099980e-01
3.309063942511596412e-01
4.893721017007490737e-01
4.015455153138087763e-01
4.484100490480737999e-01
4.625195054408537398e-01
5.317040353318539525e-01
5.147746772484470545e-01
7.366879009596125627e-01
7.430435455748959361e-01
7.065988967769858409e-01
7.709146078951728542e-01
6.486005496051576724e-01
5.855799856355028421e-01
5.662840882313965318e-01
5.391154657031790309e-01
7.819640241453653662e-01
6.558648946670466717e-01
6.156560839991274126e-01
3.850794578266640844e-01
2.922528418485507151e-01
2.227385843451513692e-01
6.070986763230035166e-01
3.644970355900430947e-01
4.569296503045867652e-01
4.953847878155490658e-01
4.243250602351161804e-01
5.422756615779067424e-01
4.908113648672212115e-01
7.220141724439135267e-01
4.527657148168966472e-01
5.494423824808765122e-01
5.557814562207274989e-01
4.250613576547731531e-01
4.398979271339407138e-01
6.423993612423034572e-01
2.352478690254899973e-01
4.507532655621188100e-01
6.424733304508573051e-01
6.542645158620283841e-01
5.241688258180317028e-01
2.559154849308851176e-01
7.842599238481448021e-01
6.425108775689963858e-01
7.544120271998020488e-01
6.094222699701895563e-01
6.166667695203724708e-01
1.011272244469780812e-01
5.887250686009235512e-01
5.173061536518748227e-01
3.590133209505051992e-01
4.558419412847460883e-01
4.240612095460963848e-01
2.912061396752885223e-01
