5.076420584900763755e-01
3.376049469975727080e-01
2.801498415978105339e-01
3.190949887691252318e-01
3.339965622845969540e-01
2.951180391144069270e-01
2.775536929410293840e-01
2.516401585778738070e-01
2.713465741576118750e-01
2.719918504376517276e-01
2.782586552135942748e-01
2.732296507774084615e-01
2.662700143632874550e-01
2.670865426845691060e-01
2.548379996853796792e-01
2.513309049297514086e-01
2.758776710602536264e-01
2.506030713557371170e-01
2.458299692561095595e-01
2.570082647945546306e-01
2.434274312135457086e-01
2.382543104507718335e-01
2.602431642407243562e-01
2.668321688045831586e-01
2.684526701329014164e-01
2.450220852986123576e-01
2.289142479521149021e-01
2.375133765408352637e-01
2.528740314045839765e-01
2.455897124345703952e-01
2.394696232083250997e-01
2.350383135280165181e-01
2.518048411797806363e-01
2.555600197867188283e-01
2.327831197447375322e-01
2.427105771170472437e-01
2.424885797953504341e-01
2.384868320423569887e-01
2.453844165887564266e-01
2.418841444594137524e-01
2.393929206485063688e-01
2.524261270692087500e-01
2.362362881571911100e-01
2.223744571917650736e-01
2.309450071901560930e-01
2.326052041387629554e-01
2.255826279447162852e-01
2.290678267761232512e-01
2.149280231247955308e-01
2.359045067100663529e-01
2.041509314390228536e-01
2.284192309543562338e-01
2.206428810268513674e-01
2.114779327427465105e-01
2.129846891566902212e-01
2.155423983910993435e-01
2.071181368386462163e-01
2.061891160245593602e-01
1.945822317777574639e-01
2.011374504617911008e-01
1.956832379415172074e-01
1.987243164182411759e-01
1.687533798864465640e-01
1.741723214784122176e-01
1.833813466998105435e-01
1.354571324201545579e-01
1.291694781091493605e-01
1.292161924643125959e-01
1.149636875589166163e-01
1.026488865980573761e-01
7.323443340717117334e-02
6.309122348071949382e-02
4.499242857497109949e-02
1.800059589120639458e-02
7.532724699471082808e-03
2.301358427674349283e-02
1.489793277862327958e-02
7.434355907077194736e-03
5.044077085925358084e-03
7.028254448123716358e-03
9.465448118801567112e-03
-1.032488524084307357e-02
-1.336364681810686683e-02
-1.321494639982989661e-02
-2.403097226254935492e-02
-4.154737839840416669e-02
-3.477633444048300326e-02
-2.906641369519924467e-02
-3.289351244554272746e-02
-3.605500378318660104e-02
-4.055308932516688003e-02
-5.316639615675033959e-02
-5.046094974853088111e-02
-3.972618300930319535e-02
-5.449554862011463108e-02
-6.054694090675871720e-02
-7.940464150105186469e-02
-8.546716400719889251e-02
-8.657221979044682492e-02
-9.505731164932873511e-02
-1.061741271907150619e-01
-8.890829549940293397e-02
-1.266853807334973325e-01
-1.258891287411407767e-01
-1.298885846675954525e-01
-1.268082895859159454e-01
-1.357984239742551225e-01
-1.354426697127779633e-01
-1.248424083434303000e-01
-1.339800400775379430e-01
-1.467440443556180529e-01
-1.371252932786899414e-01
-1.323653694657194180e-01
-1.790833829196598614e-01
-1.616409055631533587e-01
-1.595759870798107993e-01
-1.866594928926619268e-01
-1.764879281300262281e-01
-1.775318642889294196e-01
-1.990813653993686039e-01
-1.874158705517026124e-01
-1.969689777317402690e-01
-1.994864236175453165e-01
-1.941676500300792974e-01
-1.972957294721695565e-01
-2.079451731586399177e-01
-2.230769190657255763e-01
-2.056380544122924370e-01
-2.200275443394499320e-01
-2.131294178191043276e-01
-2.292808101144407917e-01
-2.324058599009746207e-01
-2.253905028865468285e-01
-2.426163917722803376e-01
-2.367773405861555158e-01
-2.467160191933910340e-01
-2.555725184611301604e-01
-2.393670676333321534e-01
-2.469953505298321250e-01
-2.588068920734452050e-01
-2.504504933874263095e-01
-2.542385824214405954e-01
-2.534884014485125903e-01
-2.522974824823875917e-01
-2.535357117738608057e-01
-2.588138873936001172e-01
-2.584909182671037975e-01
-2.676283249886848292e-01
-2.758408037529995749e-01
-2.664608256369100925e-01
-2.726807028296631685e-01
-2.794745923205486093e-01
-3.004105225702886628e-01
-2.781511008310635358e-01
-2.823647380890428327e-01
-2.514740602837652883e-01
-2.646057678821349679e-01
-2.771299466672616507e-01
-2.739539024799879652e-01
-2.879683464657889491e-01
-2.884993155445749746e-01
-2.946396539970754791e-01
-2.870245716263921665e-01
-2.951295852106254891e-01
-2.949634906786682276e-01
-2.785526934669249055e-01
-3.011837445141118952e-01
-2.781323667892998674e-01
-2.724248122251133886e-01
-3.001121806910322931e-01
-2.992127105820605593e-01
-2.941670336270982844e-01
-3.013934159939952728e-01
-3.038926645713748709e-01
-2.959700972769858662e-01
-3.031234320232309987e-01
-3.094736231623460565e-01
-3.159502361910104806e-01
-3.165208127266276872e-01
-3.027112330021508591e-01
-3.159091880630446880e-01
-3.033764478630052164e-01
-3.170526511495370681e-01
-3.230597899038969434e-01
-3.072250970109080548e-01
-3.282197737108283331e-01
-3.198124873102037302e-01
-3.101867597502496743e-01
-3.435905533643042187e-01
-3.067905490849356376e-01
-3.114784723164629732e-01
-3.276985799685916412e-01
-3.240152198775529957e-01
-3.244130196570955693e-01
-3.152911670980451664e-01
-3.103023280271381967e-01
-3.178299081091795486e-01
-3.277646831019109808e-01
-3.276469018570709046e-01
-3.268943900320686602e-01
