8.050460376953978425e-01
5.367775174078892597e-01
2.436027669622246039e-01
4.939426261902135629e-02
2.575780025387497396e-03
6.632851647986093280e-02
1.203182988532032205e-01
1.145595020726029034e-01
7.382557586111426762e-02
2.753020600754474412e-02
2.519259492237302389e-03
2.624313472244343970e-03
1.225025429626747098e-02
2.045574054155963051e-02
2.284709996900424755e-02
1.852648019362079790e-02
1.059914562646846470e-02
3.371356348015108750e-03
4.710654783472989493e-04
3.242016896841892759e-03
9.937497088269964252e-03
1.648437062999541514e-02
1.906921020615037765e-02
1.652389426700495711e-02
1.101442186272350021e-02
5.382372342305208335e-03
1.657215330265637832e-03
4.801699508064638522e-04
9.052539247547120027e-04
1.697532705829951638e-03
2.120878327424358112e-03
1.822994919730924757e-03
1.072699430645251972e-03
5.119567512220646321e-04
6.788945487838926596e-04
1.719051844039531929e-03
3.210824124856737072e-03
4.458289926354774835e-03
4.926886754417103553e-03
4.482719180726735253e-03
3.374084322642301181e-03
2.130442650864816656e-03
1.163538361149241140e-03
6.428762647004981901e-04
4.809266711943704919e-04
4.751127783922948211e-04
4.774042070393447190e-04
4.727933303897424722e-04
5.454851294202089917e-04
7.955451261557611176e-04
1.227685676479572940e-03
1.748709387795810422e-03
2.172619620168680932e-03
2.337305232187225634e-03
2.204763118122010646e-03
1.855488111387137984e-03
1.413770508829292893e-03
1.026688982440737696e-03
7.769240943248378883e-04
6.529809539406183916e-04
6.232343523814298791e-04
6.760472567531872201e-04
7.925574653225853083e-04
9.976340402138017538e-04
1.265038535041673740e-03
1.497042765960410193e-03
1.609190173434194016e-03
1.595270970014328604e-03
1.436762394013024746e-03
1.219319987688982643e-03
1.009755985952986990e-03
8.714731593999491821e-04
7.959143614454378124e-04
7.880704305536223586e-04
8.419696510005847401e-04
9.583100009751266413e-04
1.103312655723831526e-03
1.233764291141636882e-03
1.305171579314867714e-03
1.315757618567059417e-03
1.246587717586900013e-03
1.164730926092039098e-03
1.062560100662190976e-03
9.921965722553549583e-04
9.571768103915356818e-04
9.759623369124392767e-04
1.013581942891028653e-03
1.079888742466894591e-03
1.133229684595837838e-03
1.192180495461991896e-03
1.215382649814467086e-03
1.194235099953422363e-03
1.130989909789770209e-03
1.051973513762183288e-03
9.759591121906163735e-04
9.315929269961831238e-04
9.255940960567476949e-04
9.782559961009074101e-04
1.050007572614086726e-03
1.118022940113538866e-03
1.183422827155333756e-03
1.254647117996166017e-03
1.251938644577399451e-03
1.220861558948738157e-03
1.137382085039440049e-03
1.039268561992323647e-03
9.622275460101636924e-04
9.425401404798972038e-04
9.688423434519588540e-04
1.018258723359033446e-03
1.070135883728284831e-03
1.111277965071488794e-03
1.127881306391520511e-03
1.157115866105007385e-03
1.146293342894733058e-03
1.079099603526478823e-03
1.011257676563181995e-03
9.989486850906503790e-04
1.039415098987750419e-03
1.080107127978569004e-03
1.106548283430930368e-03
1.110208304472726226e-03
1.081948249099906612e-03
1.045339643658493856e-03
1.022596969930567035e-03
1.048043807777565561e-03
1.097619938818406027e-03
1.135399855993535212e-03
1.138100367042094163e-03
1.108913087824681121e-03
1.065784060456431703e-03
1.022277643834113015e-03
1.063186661879322870e-03
1.119916980540813789e-03
1.148559247323155397e-03
1.140494552833937192e-03
1.102346257095154769e-03
1.069460922188847363e-03
1.042257095420717761e-03
1.011597455175428095e-03
1.041354585593845528e-03
1.070893838793329778e-03
1.103829360459829267e-03
1.154397509384952336e-03
1.167999555535814693e-03
1.138064052928267067e-03
1.080869527774197536e-03
1.033450010326619761e-03
1.009590803214388544e-03
1.024790219870452823e-03
1.038656743175936370e-03
1.069121964284658333e-03
1.089132298193962178e-03
1.142207006090911747e-03
1.184545829070460243e-03
1.200086310719217231e-03
1.159563311604383529e-03
1.085273021540267280e-03
1.013995210472184993e-03
1.001399007584891088e-03
1.014651275035305389e-03
1.083421881091228833e-03
1.135709753327329707e-03
1.175597577771747559e-03
1.198899749408455229e-03
1.205434148215722701e-03
1.153876298646938636e-03
1.073955881322086192e-03
9.966136063082053909e-04
9.479400912124624767e-04
9.386038373621063968e-04
9.971478900476782314e-04
1.156777091064875584e-03
1.372918708603010352e-03
1.453140606797465040e-03
1.363520698556719424e-03
1.159690479404340557e-03
9.713337292395207712e-04
8.525553156397691623e-04
8.329645760860593384e-04
9.038296080823293721e-04
1.041236997917360796e-03
1.233696440196663247e-03
1.383779893638914515e-03
1.377037274607695316e-03
1.255410868134076985e-03
1.076682591744315687e-03
9.437741471374216928e-04
8.681291071854779773e-04
8.647581208652832530e-04
9.270620859173073214e-04
1.040210440987898721e-03
1.221588887208246987e-03
1.383010836423781420e-03
1.417882188182617575e-03
1.305574031629230802e-03
1.110673312066046137e-03
9.458199994415439349e-04
8.579473705764284475e-04
8.283290560940903546e-04
