1.012274525211887655e+00
7.353819565709747152e-01
7.915924273740049255e-01
6.917480436348752981e-01
6.886343432820247745e-01
4.973539039179791788e-01
6.971881066234537627e-01
6.701921810736644058e-01
7.408759048892690213e-01
3.448330320850986341e-01
5.698013201826503948e-01
5.943579745583482676e-01
6.029450796999666906e-01
3.586545464611442524e-01
6.446578167219253475e-01
6.862796955183348979e-01
7.133916672805955539e-01
7.167053223831854059e-01
6.486631717410332731e-01
5.416280510656754643e-01
5.744365298621845195e-01
7.786470856611704683e-01
4.510773517273843902e-01
7.944700171196291683e-01
8.262325384888086210e-01
4.728211855533583918e-01
5.650250990828430409e-01
3.958132065129785770e-01
3.645259904076099122e-01
3.848767000521423620e-01
4.153787854042834127e-01
5.010920562816758572e-01
6.592057481487031412e-01
5.170180153261105804e-01
6.186061668708940919e-01
4.764170267103479128e-01
2.647101628491986824e-01
7.571858658642534046e-01
6.186217817778059125e-01
5.983030504596814625e-01
5.068839189419851454e-01
5.881385403335948059e-01
4.976726230460393197e-01
5.269819598024103602e-01
4.560825311921556935e-01
5.779669852338855662e-01
3.645962157807735027e-01
3.659791609069269480e-01
5.982594431508485577e-01
4.052502209536744671e-01
5.514624253231807938e-01
6.098253518922894800e-01
4.966336306961465219e-01
5.139510761662702265e-01
5.703931463810536506e-01
3.602404866339555811e-01
6.651915831845455207e-01
4.286269616412257122e-01
2.625792411375375002e-01
4.163544194677578636e-01
5.670325965871929608e-01
4.634126853285079894e-01
4.993044783466600300e-01
4.036758844828864934e-01
4.608291857848125783e-01
5.168206423788950232e-01
6.530893392937082709e-01
2.613121788519063848e-01
7.079453119421238450e-01
8.072220525297973959e-01
5.155352150003358336e-01
4.748739510956098142e-01
5.000728464630395109e-01
6.555788786347653829e-01
5.601412225367818909e-01
5.781042434509269246e-01
5.989358553877537350e-01
6.757363857995696277e-01
4.948356376653435529e-01
5.002229737915910857e-01
2.643208390058205959e-01
3.392176573167057230e-01
6.431431011212492832e-01
4.613584732695638069e-01
5.966621008039931784e-01
5.605089995943992598e-01
4.137061823691388085e-01
5.764673443241645767e-01
5.059716024356849529e-01
5.057482232260726018e-01
1.021926718724825989e-01
5.242754592578297013e-01
3.476621369125554306e-01
7.574655372939853581e-01
5.275887839739590301e-01
6.548163029451601336e-01
4.942574424377172981e-01
6.354975016630994844e-01
2.879473212041215868e-01
5.483386957851308363e-01
4.845648678277431065e-01
4.115284179825328126e-01
5.451163039119595322e-01
3.950600843522071859e-01
6.478884643350357742e-01
5.838031575801306827e-01
5.522570287627805996e-01
5.614626166624003822e-01
5.658843554618547822e-01
3.353267333745876266e-01
6.068463844614253588e-01
5.967641878416147794e-01
5.224998188158411772e-01
4.894548637226153742e-01
3.463673395449462511e-01
6.117609747232417572e-01
4.136702663281474068e-01
5.436278586351990239e-01
2.955389559840267966e-01
3.764788351090596619e-01
4.543910621803544103e-01
5.387684733112383384e-01
6.837968770630549198e-01
3.014296514028795837e-01
4.094186659830496566e-01
2.771160735763453786e-01
5.248341347278986380e-01
6.636784675430119629e-01
2.247173212862320080e-01
6.415262429557111457e-01
4.325146181489989416e-01
4.029346410514592636e-01
6.989662130640348359e-01
5.813210248583060569e-01
3.476812655639497374e-01
5.676940602266480340e-01
5.367343451769673868e-01
4.033750288690584052e-01
4.887589703141623776e-01
4.240050805447614923e-01
4.655333571411341964e-01
6.020229974564748066e-01
5.312333229331451800e-01
6.876785807458534183e-01
4.718680697737851482e-01
3.836677469738508650e-01
6.028645843089466272e-01
4.820909222881909484e-01
5.002875864763808300e-01
5.361968336601320440e-01
7.080106262182600529e-01
4.032322537736058310e-01
2.392194165883168022e-01
5.943720354298631658e-02
6.341774489258436009e-01
4.663975057019684733e-01
5.638430759363077804e-01
3.831954873872401857e-01
5.535705187038638675e-01
5.304321443348511966e-01
5.333709931587818920e-01
4.666752141387245922e-01
4.876602658104326471e-01
5.936180781608149104e-01
6.926568846497422882e-01
3.788466253678215434e-01
4.833952098462872549e-01
4.782553998847993704e-01
6.896068649490880720e-01
4.278813546796856881e-01
6.801808900350825304e-01
5.765623568229584217e-01
5.047042927453487815e-01
5.680341505433823546e-01
5.280258836374465137e-01
4.955244277013856058e-01
7.022741393416573885e-01
6.044593405947334963e-01
8.573911677123980946e-01
3.262250019206160978e-01
2.958542057154751603e-01
6.604723457362651207e-01
2.115011621949123288e-01
3.630243725329069804e-01
5.062667681138014464e-01
4.869046154813123639e-01
5.686307521950932919e-01
6.171466830867888831e-01
5.956087880012375102e-01
7.205193020472964172e-01
5.739585450504052222e-01
4.967217255955772570e-01
4.459765821945851361e-01
4.460054824700221410e-01
5.780627864527140281e-01
5.374496527515233435e-01
6.898075522924829173e-01
3.749632919167575906e-01
6.390369289788042639e-01
4.866947191653454574e-01
