7.335322628988034666e-01
5.521914625182242631e-01
4.121343141469901994e-01
3.467987243988684964e-01
3.627736197167525933e-01
4.029073479185153461e-01
4.050826836284351362e-01
3.800639383516088987e-01
3.550980084198688269e-01
3.454809014000288503e-01
3.473861509879171416e-01
3.549384276911615732e-01
3.644314637656368427e-01
3.647205781427758087e-01
3.599752680301040453e-01
3.526166260677746633e-01
3.467356166707210585e-01
3.444497753873058121e-01
3.462407599017970350e-01
3.473975704142947540e-01
3.530890423219494867e-01
3.525423656295507691e-01
3.493726487855959295e-01
3.460827992518475948e-01
3.455794563796714680e-01
3.448246568100417075e-01
3.462840549472616658e-01
3.476902272322817122e-01
3.441413137739854911e-01
3.501376610825971403e-01
3.467295967134057522e-01
3.468371759100353779e-01
3.451442496031998930e-01
3.447819456848983943e-01
3.461599841743264738e-01
3.426952422894106176e-01
3.447641305880810858e-01
3.457464479662958334e-01
3.450855747779755234e-01
3.446540266723467916e-01
3.445257522290557928e-01
3.446854393172837927e-01
3.448314708644113491e-01
3.449833876823623635e-01
3.418528653292827180e-01
3.451282459817868187e-01
3.450209941847403039e-01
3.444031125854197795e-01
3.446875888202631799e-01
3.447559167282472359e-01
3.447846185408363073e-01
3.451181418655826505e-01
3.449217178374355264e-01
3.448766335496972202e-01
3.446454146073480995e-01
3.445804269392533925e-01
3.446619921312686907e-01
3.447912536116831683e-01
3.448434035511718232e-01
3.430379928813807044e-01
3.432206734014152660e-01
3.445957387392357685e-01
3.435437558796806679e-01
3.400162700491904388e-01
3.445114503561961250e-01
3.449501219258662710e-01
3.447920800814781028e-01
3.433130514105079412e-01
3.433165222932587080e-01
3.448621438354220192e-01
3.444894853378318578e-01
3.448926306739553693e-01
3.447333364438577297e-01
3.445360864476131324e-01
3.417759750458000401e-01
3.453238551254104172e-01
3.383171922277923294e-01
3.436057355445412131e-01
3.446976078743451133e-01
3.447889876899720152e-01
3.445506126169629590e-01
3.443842207493625907e-01
3.446522012506301191e-01
3.448685552258394793e-01
3.446547539086517453e-01
3.439771865999489142e-01
3.447152709991658792e-01
3.448831231053258728e-01
3.444498777623357100e-01
3.450645211094033327e-01
3.450417273829279319e-01
3.444839224223372742e-01
3.452155451815883680e-01
3.446783423284606185e-01
3.449441331934914867e-01
3.420096674464295772e-01
3.444696873993554620e-01
3.446950440462017706e-01
3.447823403449783441e-01
3.449084317987067827e-01
3.451445249644078395e-01
3.449355327754713985e-01
3.446650184629532765e-01
3.450929840778251823e-01
3.444910608225717485e-01
3.447851317543569882e-01
3.443911956476440883e-01
3.430842215005520668e-01
3.447168443634426316e-01
3.445745869406041662e-01
3.445751186490959572e-01
3.450594564753075577e-01
3.444547814633682759e-01
3.444663488985014732e-01
3.447289676491007704e-01
3.446228223645947386e-01
3.445481151179496937e-01
3.435333035848949779e-01
3.446770936320830980e-01
3.450909086145048654e-01
3.450640101888140521e-01
3.446329248060153727e-01
3.434591405167225497e-01
3.447596063099106489e-01
3.471052978492096264e-01
3.431649029828424124e-01
3.447167956440776448e-01
3.432828910798798594e-01
3.412844333336596536e-01
3.447728589239363872e-01
3.449982359967151968e-01
3.444514948906777230e-01
3.446934523681156604e-01
3.449235158141314983e-01
3.445605226690997558e-01
3.444252973683993302e-01
3.445309960124736115e-01
3.446707328385822944e-01
3.446541786409386132e-01
3.432113611912933626e-01
3.464186712063921370e-01
3.448270673370266159e-01
3.444651975718591164e-01
3.449216140531541352e-01
3.446601068596438777e-01
3.444484364514376340e-01
3.419369750232380545e-01
3.419491322882218798e-01
3.431313258194440552e-01
3.433811713084150563e-01
3.448758783853471677e-01
3.411987727242481450e-01
3.449428933442645340e-01
3.446280655421446459e-01
3.443748021786009472e-01
3.447715826159467589e-01
3.434359669540261173e-01
3.444234552854159581e-01
3.424269547333906871e-01
3.449846984113412729e-01
3.447063049690456404e-01
3.472322498225730580e-01
3.443831253581314256e-01
3.444669999906989633e-01
3.445200386282941674e-01
3.458164109461766555e-01
3.445792004701206945e-01
3.432872313426745814e-01
3.446107303313652448e-01
3.446616619444634599e-01
3.444661374396243980e-01
3.450989121899101786e-01
3.444444197532916530e-01
3.452976122234643341e-01
3.446428525787831321e-01
3.447015061798802682e-01
3.448128062810805750e-01
3.446994908477307717e-01
3.413856733708784397e-01
3.434477268877326184e-01
3.448330768549497938e-01
3.457262021736753344e-01
3.454083950376104495e-01
3.445605295061756612e-01
3.434948153746142374e-01
3.446256915258735232e-01
3.444992945611299318e-01
3.447673174620241587e-01
3.435535780396079542e-01
3.446996962728547942e-01
3.449523401202212458e-01
3.427997625539456195e-01
3.446277658082601558e-01
3.445746248031423820e-01
3.445286846114435919e-01
3.474782525005778444e-01
3.445448696219420848e-01
3.446708830717537531e-01
3.443993051448017706e-01
3.473288444087536675e-01
