3.343490628370399120e-01
1.153811207104916692e-01
5.470452912837098225e-03
2.847070863889744619e-02
8.911720569919312496e-02
9.614488578236690675e-02
6.117538990240078967e-02
2.156995073749501390e-02
1.678866741039786170e-03
4.396139552806044293e-03
1.904766064103302625e-02
3.075516717154813673e-02
3.188268248122483328e-02
2.476808232317484482e-02
1.366351837600232599e-02
4.014538903231890110e-03
4.153143684018090198e-04
3.316284086313237012e-03
9.147482544995089171e-03
1.274796174130587989e-02
1.185795371300002454e-02
7.688626681476962155e-03
3.294528634346760576e-03
7.038591046528708262e-04
7.165928870785931437e-04
2.426429520334227874e-03
4.281245588597215601e-03
5.170657231548303479e-03
4.676187744702797744e-03
3.194681433823953753e-03
1.551710146034501747e-03
5.351987371553512673e-04
5.421879480752567204e-04
1.297352765618708936e-03
2.186742361784954625e-03
2.574634895260552447e-03
2.242710191653563001e-03
1.468749813365977097e-03
7.414904949545331192e-04
4.226174369746926729e-04
5.468649245102819023e-04
9.225078495126437517e-04
1.254564907668287432e-03
1.329976852440628576e-03
1.127556786485905960e-03
7.825693912548725706e-04
4.996544929872781537e-04
4.165807957072775736e-04
5.254854891861837629e-04
7.096640352804994833e-04
8.238419182121647921e-04
7.899921903963269543e-04
6.446737643897026970e-04
4.897685981376520559e-04
4.165524204877701919e-04
4.478638054690176062e-04
5.356270316434486034e-04
6.043660982071319410e-04
6.053928803699815120e-04
5.428876037268937083e-04
4.663746069614171930e-04
4.192622422467540133e-04
4.251511105251015721e-04
4.641353958534377711e-04
4.983515829551921072e-04
5.011391786344798760e-04
4.726877873191259738e-04
4.339358895733003152e-04
4.152053570790625869e-04
4.263102490413839263e-04
4.514497425918140294e-04
4.675888408062212065e-04
4.625259286946681314e-04
4.416314094655149347e-04
4.220793139432243990e-04
4.151919564971962018e-04
4.226693985870388914e-04
4.375840945675113502e-04
4.459583670507472064e-04
4.409532006358629630e-04
4.278645876701903106e-04
4.171715634498918135e-04
4.157336428046720656e-04
4.222207334669825229e-04
4.292587899924482642e-04
4.286970301379255943e-04
4.228795577476684997e-04
4.162266265480552008e-04
4.155666008467395756e-04
4.196419783573102080e-04
4.255629905131064206e-04
4.273204640058425596e-04
4.251696772110680200e-04
4.197983226322810069e-04
4.155750749660347410e-04
4.154160168138298914e-04
4.178057035757465343e-04
4.199925060655029796e-04
4.199526957348043155e-04
4.170496431453729613e-04
4.150575099528541756e-04
4.165338598995926844e-04
4.191935436337335119e-04
4.216658821590835160e-04
4.209516947689673216e-04
4.190390205566218995e-04
4.162922577071181962e-04
4.151818072487545308e-04
4.170542889724293545e-04
4.195616227190557268e-04
4.199539048898026650e-04
4.171226006912664985e-04
4.151944294444875894e-04
4.155483729912923252e-04
4.172969203919407732e-04
4.183573748723912189e-04
4.177467520065647477e-04
4.167336313029013084e-04
4.155837962621644621e-04
4.150054566377514575e-04
4.151384890301867969e-04
4.153849457694258618e-04
4.151726934420452153e-04
4.151381345922633415e-04
4.160394855513560586e-04
4.171136807118447365e-04
4.170922860958770073e-04
4.168122398752194258e-04
4.155155481521122240e-04
4.150882162166080747e-04
4.155523037320252300e-04
4.163258774386724426e-04
4.164759751004165622e-04
4.153161552603590323e-04
4.151002197364528357e-04
4.156496534725162562e-04
4.162126512988750804e-04
4.162037820872876992e-04
4.155199283226718165e-04
4.153712263919029368e-04
4.156341855650058648e-04
4.161347153940342380e-04
4.161851112166603528e-04
4.155571771748967080e-04
4.150725749620942651e-04
4.152148683260747930e-04
4.155500278204549147e-04
4.157209057060740065e-04
4.160864532893882028e-04
4.164176718047807313e-04
4.160524742999882619e-04
4.156459848532190193e-04
4.150635459202467459e-04
4.151268423325804591e-04
4.154483968913380565e-04
4.163421172611592169e-04
4.188278269338097104e-04
4.191396619885878749e-04
4.172375611642964444e-04
4.159215496046808624e-04
4.150376800390320753e-04
4.152318090574480536e-04
4.157099874860792355e-04
4.157349085345263262e-04
4.154454175521182790e-04
4.155701857280202915e-04
4.177438858159465696e-04
4.205545666573495822e-04
4.200365266540107001e-04
4.168938550762613104e-04
4.150235997129048116e-04
4.160449018716372294e-04
4.178988330691968400e-04
4.181828707279233726e-04
4.166660307147740383e-04
4.151633633215912056e-04
4.153213571151948003e-04
4.164946262950053324e-04
4.164321859976283235e-04
4.151695167750046878e-04
4.154628988669584189e-04
4.155316897466176940e-04
4.152077104199181079e-04
4.168199614779100060e-04
4.167469851205085618e-04
4.157175944562441217e-04
4.151310191898849311e-04
4.153790217166219989e-04
4.158975300488920723e-04
4.159920711810372040e-04
4.154373595928184670e-04
4.150632305063295391e-04
4.160902900554042105e-04
4.168332111992301137e-04
4.163058836866850854e-04
4.155913498039565113e-04
4.151151729701041404e-04
4.151982316001889828e-04
4.156615804672414427e-04
4.154699996162802833e-04
