9.978709066767283975e-01
9.978818711018725418e-01
9.975907357618791771e-01
9.968644039157374959e-01
9.959066019313919105e-01
9.944472208180352713e-01
9.932090565584675845e-01
9.924082331934515055e-01
9.922921956421157930e-01
9.927634287524086387e-01
9.928216515031560441e-01
9.926744380918206545e-01
9.921273106249898222e-01
9.914560486542617346e-01
9.908174171257410068e-01
9.903240409900841978e-01
9.898976898531890445e-01
9.900706390374673926e-01
9.899079308448142100e-01
9.894975199332503024e-01
9.890006579281790389e-01
9.891148713436621609e-01
9.889322129584496857e-01
9.882767704898833827e-01
9.870122380512789118e-01
9.846601659896393466e-01
9.814948373488422417e-01
9.782836323998651551e-01
9.744541784382864114e-01
9.681398246519087314e-01
9.632049522126853169e-01
9.563079572080275259e-01
9.501461320802235822e-01
9.436210530154300891e-01
9.349475149302217680e-01
9.206239101257553958e-01
9.046255620832429623e-01
8.899845895413225350e-01
8.721554892263707615e-01
8.471324873950107914e-01
8.154482477365849746e-01
7.775975600558548972e-01
7.302690632001157534e-01
6.767100631563401913e-01
6.242712440635128646e-01
5.810109069326214737e-01
5.476654200358892499e-01
5.275049265926921027e-01
5.158481592898398471e-01
5.088898933604018016e-01
5.049699629786041921e-01
5.027998281902169575e-01
5.015907071240359727e-01
5.008909445047129427e-01
5.005081082364017941e-01
5.003042067112928315e-01
5.001914240683111856e-01
5.001245708015216174e-01
5.000829646255133820e-01
5.000570015973293536e-01
5.000413572823315667e-01
5.000307548039897299e-01
5.000437213621891086e-01
5.000605731870074733e-01
5.000807862633829259e-01
5.001055102390570273e-01
5.001345587132588477e-01
5.001640731897929459e-01
5.001949754469164899e-01
5.002271838670031556e-01
5.002620832116873029e-01
5.002936979565222320e-01
5.003224384965039295e-01
5.003470887157528413e-01
5.003685773152599658e-01
5.003887046282280426e-01
5.004215329941593682e-01
5.005011721157872628e-01
5.005640306637729742e-01
5.006449095947612671e-01
5.007534929141910229e-01
5.008386624386859109e-01
5.009468357792270510e-01
5.010760069942448158e-01
5.012365095227564460e-01
5.013696122718331871e-01
5.035620899417736496e-01
5.082589500600124266e-01
5.147640585646009459e-01
5.223657336727127731e-01
5.272042429838317279e-01
5.303163772274233079e-01
5.310072392724191070e-01
5.306448325051411619e-01
5.293729154389182900e-01
5.267405773087312504e-01
5.245779149798499574e-01
5.218105977388696193e-01
5.186045045220126770e-01
5.154255166399863697e-01
5.126452351313895983e-01
5.107956943967211227e-01
5.089611903192183817e-01
5.079106969298713414e-01
5.068426908247716245e-01
5.057489390324285683e-01
5.126270985852312556e-01
5.243005206306323718e-01
5.414140407455307891e-01
5.638345365403605314e-01
5.890712632940293680e-01
6.158321650231095568e-01
6.430407461900615740e-01
6.692588474864831216e-01
6.926249223246718767e-01
7.136066785347940922e-01
7.313425911575767158e-01
7.470851490390286731e-01
7.603569604828547268e-01
7.715027689891642559e-01
7.800301558388099687e-01
7.872287988175525886e-01
7.933153933557746118e-01
7.976119871620368507e-01
8.002863731611642439e-01
8.018976939465867204e-01
8.030946602033542936e-01
8.041605209986900649e-01
8.042079106656105925e-01
8.033280325779830200e-01
8.027701244607328146e-01
8.017027569129618891e-01
7.994204598874720125e-01
7.958058521153725806e-01
7.917370627666133753e-01
7.871465115634693754e-01
7.828591710476784371e-01
7.790009701427361710e-01
7.750363663781713042e-01
7.706476727215759714e-01
7.654709214055751554e-01
7.601606940723888428e-01
7.539808945482947555e-01
7.473841675172827603e-01
7.402642507264902694e-01
7.330715377363103968e-01
7.256605588309898991e-01
7.190354474067855994e-01
7.116890143167629024e-01
7.044107717085965614e-01
6.964057030339387833e-01
6.888618205974904596e-01
6.814531917888349000e-01
6.737238549485471406e-01
6.665261486392434209e-01
6.596395095765961170e-01
6.520907108269600183e-01
6.439323154973279895e-01
6.349165324144800948e-01
6.254770326519634160e-01
6.139238063915237742e-01
6.000327165765955151e-01
5.868853106957466759e-01
5.755557042327396067e-01
5.625632962927498149e-01
5.495995030682703231e-01
5.431013264359139114e-01
5.367931869027127156e-01
5.306984351295214175e-01
5.257686262364835716e-01
5.213896710956569258e-01
5.177946708581167012e-01
5.145871018433684219e-01
5.117575296162660825e-01
5.119850054980575882e-01
5.121492076332405663e-01
5.121837766004055936e-01
5.121278786990233201e-01
5.116205893181122732e-01
5.109847385884902504e-01
5.101617066465348183e-01
5.098804141802524281e-01
5.095219311948415708e-01
5.090473117786843416e-01
5.084040725826587392e-01
5.078413563973624978e-01
5.073894976146766655e-01
5.069602364265826111e-01
5.064500073551728709e-01
5.062873687710729431e-01
5.060415431203496572e-01
5.058290948439347900e-01
5.057525569706540214e-01
5.057006203883360751e-01
5.055648187791852433e-01
5.053469122962830351e-01
5.051680577180887033e-01
5.050822668596588461e-01
5.048444800376861163e-01
5.048234510149256504e-01
