1.076801281036914304e-01
2.122837948825062604e-03
2.741488022897886623e-02
4.008993167615415576e-02
2.118289582734278476e-02
3.377624048578775628e-03
3.223085157754712604e-03
1.965360785430880775e-02
3.633686775922817525e-02
4.271924585222364179e-02
3.758808079968301019e-02
2.513942311309402822e-02
1.186439316709975156e-02
3.066159223664932654e-03
7.209309420472820307e-04
2.005440726469243096e-03
2.797501759394194210e-03
1.775716760904821889e-03
7.207614804427553423e-04
1.988303388102852232e-03
6.124722307861096837e-03
1.144938667863082404e-02
1.513431927667574506e-02
1.637621784141318759e-02
1.470932897748167267e-02
1.102217170605590546e-02
6.867816506264889931e-03
3.554899045593029605e-03
1.677658160715855828e-03
9.609882694366911338e-04
8.167394187823528995e-04
9.341863807235117889e-04
1.479436922064647497e-03
2.746865476181636900e-03
4.687807979541824821e-03
6.801618371531370499e-03
8.358296601635450962e-03
8.891903346052498769e-03
8.188786038216600005e-03
6.608941152110636708e-03
4.771862508702651162e-03
3.270197477963310284e-03
2.330613693244054652e-03
1.926528680692762840e-03
1.957028854986497812e-03
2.386917699836010875e-03
3.195563682693580709e-03
4.238236925326099858e-03
5.260585083456947864e-03
6.016580012466965499e-03
6.259127881877213362e-03
5.952258624325912351e-03
5.208124003893144227e-03
4.351517805942117789e-03
3.585602830929679463e-03
3.059186787318313172e-03
2.843030570231275256e-03
2.884897609779946137e-03
3.213788657560945339e-03
3.748887349019125459e-03
4.340754935917234825e-03
4.827469643455151171e-03
5.105792625777150207e-03
5.080620796266588357e-03
4.787923317462139394e-03
4.316876194432994751e-03
3.869429355293663164e-03
3.521546502405104029e-03
3.347405027277594591e-03
3.353795804274417591e-03
3.515118600467936893e-03
3.792340979788977329e-03
4.162468132335450655e-03
4.446128511971680908e-03
4.578442322916598251e-03
4.532509011404450838e-03
4.355431781089658116e-03
4.083625456671180487e-03
3.805845240682281805e-03
3.627355557935030284e-03
3.584018244140119158e-03
3.671256841474734856e-03
3.843695437432126383e-03
4.050065597483998303e-03
4.225948651292776859e-03
4.319387050008782758e-03
4.321429869826198811e-03
4.227974438270831747e-03
4.136377572782401479e-03
3.997300819324922649e-03
3.871015610463990342e-03
3.811327144997656013e-03
3.828842117298725256e-03
3.889490777026938240e-03
3.994592434981569795e-03
4.148780952041075665e-03
4.277824529974161294e-03
4.320779579960465355e-03
4.250400004761289985e-03
4.118580146466821468e-03
3.997895739951684568e-03
3.867634390551377699e-03
3.807996141468095175e-03
3.844575580771225631e-03
3.969054480305267418e-03
4.080729048771769563e-03
4.136262968018944441e-03
4.138999831175493860e-03
4.070262033551874659e-03
3.969387951963665451e-03
3.906636158722665009e-03
3.860857005496431960e-03
3.921792868511686514e-03
4.049636941402035006e-03
4.125282151688836052e-03
4.165433382864236478e-03
4.159834835652631568e-03
4.148614313200904569e-03
4.084183195894541818e-03
3.990172511991296744e-03
3.963522393567453506e-03
3.991831261529021901e-03
4.019863882273821964e-03
4.054931389928961849e-03
4.058836592861436721e-03
4.057749407944677422e-03
4.052777528632867110e-03
4.017096310541368176e-03
3.977553274612466438e-03
3.971201475439833928e-03
3.952083280334584003e-03
3.962744544688590054e-03
3.986729258723675784e-03
4.013345064787010585e-03
4.085074977112412853e-03
4.160512352781253753e-03
4.218058762771703663e-03
4.193035053553728631e-03
4.149297127099771387e-03
4.067765347986918023e-03
4.014921359201450990e-03
3.933847742456531016e-03
3.921544972908752591e-03
4.016516819823290341e-03
4.174268383826285067e-03
4.243922711910541601e-03
4.278671495350772069e-03
4.211782086093629474e-03
4.137475717993166491e-03
4.037681395655412508e-03
3.952262774604697881e-03
3.947381630197255298e-03
4.043803364311315818e-03
4.146047183502088451e-03
4.230581802943333969e-03
4.209437135404336949e-03
4.184212179438762114e-03
4.147992030320235557e-03
4.060842403941111733e-03
3.969983873043259059e-03
3.921790621027820833e-03
3.972739087220733545e-03
4.051674041518960045e-03
4.119367712828614359e-03
4.133452405326920598e-03
4.104528737666757188e-03
4.036020907560944337e-03
3.948145759960164369e-03
3.899360964636722215e-03
3.908722610708958989e-03
3.956643502961321168e-03
4.024232661508198028e-03
4.137926760258814340e-03
4.175733104779699723e-03
4.146937007709849965e-03
4.071830578712298809e-03
4.046261467469225437e-03
4.020403742333034103e-03
4.014067627381545655e-03
4.036385709011436340e-03
4.154068508523178771e-03
4.240124653703714053e-03
4.196987366984816781e-03
4.061637423764530297e-03
4.024627012942705306e-03
3.980682756439368752e-03
3.920223949406831387e-03
3.981964019666106580e-03
4.046050249584709491e-03
4.091270999726059898e-03
4.070964477565053308e-03
4.007092483184759857e-03
3.967000256391184365e-03
3.931342095592316177e-03
3.932574707438685202e-03
3.948649199320475311e-03
4.010039348653182678e-03
4.060870939591398887e-03
4.143303810136278464e-03
4.219142196690395252e-03
