2.838799895887309521e-01
-3.812288340707614687e-02
-2.752852173474562569e-02
4.038053692076115642e-02
2.509607850596062839e-03
-5.596573092289158780e-02
-7.060729531631571021e-02
-5.190366313427063893e-02
-4.379623089662842972e-02
-4.272698152051201959e-02
-5.711421566104291081e-02
-6.619952718878829856e-02
-7.044599696387843224e-02
-6.589185059561675217e-02
-5.661183284298076934e-02
-5.902599961054355582e-02
-6.141639511554641828e-02
-6.825115029864914362e-02
-6.920336431727913684e-02
-6.959055119406509782e-02
-6.743994948239495635e-02
-6.331745361294482954e-02
-6.438712252546507919e-02
-6.967099877356686122e-02
-6.942779294450929228e-02
-7.224456540804080618e-02
-7.392558241586666412e-02
-7.090578111804157757e-02
-7.109746052044041420e-02
-6.829448881772748337e-02
-7.030029822234062920e-02
-7.229656005815465747e-02
-7.051178872173946566e-02
-7.175988395984678192e-02
-7.158926545327681801e-02
-7.110524433755882612e-02
-6.958342912112303047e-02
-6.943075888898442294e-02
-7.071017300156579033e-02
-7.526221961474921507e-02
-7.100768608918106573e-02
-7.106245698604540806e-02
-7.189893089338905696e-02
-7.220485880071914053e-02
-7.071723448538902446e-02
-7.298127190588910018e-02
-7.082561813041499121e-02
-7.230572992144224109e-02
-7.202363344550333224e-02
-7.065135967298363795e-02
-6.935093495869049107e-02
-7.305274142517825808e-02
-6.843488740298586670e-02
-7.390068020569806606e-02
-7.437926398985705845e-02
-7.284987200744885705e-02
-7.146771564802611998e-02
-7.128545730965973881e-02
-7.298141256306100999e-02
-7.035599277497062154e-02
-7.301960005974539314e-02
-7.241799691717520915e-02
-6.980002294662579487e-02
-6.824266842525839039e-02
-7.469550428291604760e-02
-7.095866573772169339e-02
-7.137397431984759955e-02
-7.389411337123186208e-02
-7.264843391848163634e-02
-7.741830702083207782e-02
-6.742407952033158125e-02
-7.227921446186247323e-02
-7.183350289889922635e-02
-6.999916208096390591e-02
-7.035869976892072941e-02
-7.218334098274858945e-02
-7.440471880000076865e-02
-7.227910728704523002e-02
-7.086512902602093433e-02
-6.893387419158880647e-02
-6.986805398194873007e-02
-7.181327229807865642e-02
-6.998190772110546298e-02
-7.343369384382203435e-02
-7.174518670410123811e-02
-7.168218046965901813e-02
-7.139290004016896063e-02
-7.304786189238199334e-02
-6.983614854334585509e-02
-6.871892136300283838e-02
-7.736562264310786752e-02
-7.219345385332509579e-02
-7.142718075106690989e-02
-7.182413294252731895e-02
-7.181130528944246194e-02
-6.862668046878717121e-02
-7.357900083513735368e-02
-7.326028459898115130e-02
-7.058406720507925947e-02
-7.075527168281903201e-02
-7.404271077403890011e-02
-6.569562360877090335e-02
-6.759428292474667366e-02
-7.468394894105778725e-02
-7.255294306310666741e-02
-7.234096020917113457e-02
-7.362364025647338828e-02
-7.322662760828402284e-02
-6.916834152093276344e-02
-7.061873736629209475e-02
-7.082464564714729960e-02
-7.252245594932693606e-02
-7.108847175458921086e-02
-7.015996033556182176e-02
-7.476756779368409767e-02
-7.720907304344404309e-02
-6.909296715511725751e-02
-7.357601468564545222e-02
-7.533314044871342041e-02
-7.172669030004508173e-02
-7.571929838390278888e-02
-7.149229771701026692e-02
-7.001814935614536495e-02
-6.890187085338350670e-02
-7.421387305709492566e-02
-7.247989540099575301e-02
-7.174975439084074758e-02
-7.504246874501352416e-02
-7.203248980823961922e-02
-7.296238390198528379e-02
-7.082519891448990634e-02
-7.362639210107158050e-02
-7.357926898348532418e-02
-7.674823246563078349e-02
-7.358056612408425678e-02
-7.228156413469388752e-02
-6.998194584603623092e-02
-7.423461514646034765e-02
-7.158884273756749295e-02
-7.316167809948259659e-02
-7.118078462546995056e-02
-7.072236470742487846e-02
-7.012562825093593410e-02
-7.155707005765932216e-02
-7.263571951919400860e-02
-7.178216250398983256e-02
-7.162208740151432274e-02
-6.931952335259428111e-02
-6.926489862849471990e-02
-6.926482585440241202e-02
-6.980412163100435663e-02
-6.928196435243072493e-02
-7.058409080700323024e-02
-7.079087747357259985e-02
-7.304903381509153526e-02
-7.437716106145830786e-02
-7.089324064289459493e-02
-6.967157872902762783e-02
-7.129512019988104576e-02
-7.240280600349358053e-02
-7.142569655350294866e-02
-6.894007339305563420e-02
-6.961710919892971638e-02
-6.976413309470230750e-02
-6.763128045204047645e-02
-7.267205313797808763e-02
-7.049495806911298956e-02
-7.357586925691972368e-02
-6.838931392734970416e-02
-7.174984050267418922e-02
-7.184464876441154502e-02
-7.549705135620343732e-02
-6.976396033778531347e-02
-7.415251024193159068e-02
-7.194022768189700656e-02
-7.173586330072256878e-02
-7.255339486733780596e-02
-7.385327466437385802e-02
-7.187625754018855950e-02
-7.564931273725794547e-02
-7.294003250956082596e-02
-7.328915882124231729e-02
-7.190899792268434787e-02
-7.421422964020574220e-02
-7.290532380763492526e-02
-6.909275165742245761e-02
-6.916201292936241529e-02
-7.079085700064946529e-02
-7.121113443631221784e-02
-7.393709548790017294e-02
-7.161563931769654445e-02
-7.276000160229023628e-02
-7.456746643905032279e-02
-7.079080759708777926e-02
-6.964800332238452185e-02
-7.162207392219666069e-02
-7.079431000214664316e-02
-6.943627846137023774e-02
-7.023231824246578547e-02
-7.136139874008673445e-02
