1.054214097449030385e+00
1.104059030239199712e+00
9.116286804021211942e-01
9.865741902843414568e-01
1.075600206886301757e+00
9.325652982219152509e-01
9.708358003963165617e-01
9.989333615455955329e-01
1.063872266187214199e+00
1.222546017539655860e+00
9.724429587876743941e-01
9.810119043501176472e-01
1.005008857703215908e+00
9.974495692389887536e-01
1.040125033929086396e+00
8.912060495596527687e-01
9.874148291905934238e-01
8.807932101614761589e-01
8.530667890173491141e-01
8.199029526699875836e-01
8.158406970821155957e-01
9.537585440632436740e-01
8.864886190923070286e-01
6.815370846698933782e-01
6.669884924658044945e-01
6.342409506836539368e-01
5.662815389857153159e-01
6.709978785096482046e-01
5.134954549450626571e-01
4.800512819802227327e-01
6.387128152630789923e-01
6.304729124212781199e-01
4.172355783798367135e-01
5.844094110582075396e-01
6.235327145893587719e-01
5.071099509030354557e-01
4.599965317566785394e-01
4.643346873257395702e-01
5.872769089596794334e-01
4.923983963566858080e-01
5.184966147434313388e-01
5.253335533128522528e-01
4.639430473581775960e-01
5.037185599215192600e-01
3.557080015782490001e-01
6.874024158320723998e-01
7.298146788836588073e-01
6.091083872607023775e-01
4.486708892632303991e-01
5.627392052313373583e-01
4.801004956759807873e-01
4.896356405591267835e-01
4.459260935045845642e-01
5.732168881179953157e-01
2.797868882661197487e-01
5.118112890384168834e-01
2.966525276909597331e-01
5.128663992302717745e-01
4.950292255599169078e-01
6.305420174965974400e-01
6.886233796605683022e-01
4.604448140921764132e-01
4.673428286649160546e-01
4.865963210852379817e-01
4.912270314342095379e-01
3.953581726973069976e-01
5.393654731384915912e-01
6.327119310740236813e-01
3.448895026043790057e-01
6.182158740302925448e-01
6.775552516049901941e-01
6.101759653526015459e-01
4.162832218803723672e-01
6.291562144405964396e-01
3.446948708349352186e-01
4.819851356537271370e-01
5.498860477184127626e-01
5.345964853733196076e-01
4.784443760361730691e-01
3.996692757029198795e-01
2.936979213267637556e-01
4.792686796771647995e-01
4.589134571340032220e-01
6.216342270136245851e-01
6.188763212260409707e-01
4.389823516857116470e-01
3.918279884958024706e-01
5.293655764941485042e-01
1.032788207485514365e-01
6.643704149420689431e-01
4.583337433386233117e-01
4.017550729463715831e-01
3.365384327844140877e-01
5.379746074589790705e-01
4.629900043455749126e-01
2.948688713587391819e-01
5.470495905140947412e-01
4.188475527674792032e-01
5.696659142842954715e-01
7.092085265131131688e-01
3.410904334250415282e-01
4.845917709151731367e-01
3.978279084741772609e-01
6.609137119247914249e-01
6.019096748385983631e-01
5.279280840783538986e-01
4.402157446112663353e-01
5.771886711868116082e-01
-3.510693375357254453e-03
6.822401029982478882e-01
6.858849194352930612e-01
6.693694899303976875e-01
3.829567195273151370e-01
6.745362451877598975e-01
5.293389747097972942e-01
3.430178645247700109e-01
4.845291149252137775e-01
5.384165676395160638e-01
6.773676566173699731e-01
3.386282747502906698e-01
5.186395286814073913e-01
4.121046338049300095e-01
5.161329867052789622e-01
7.373167631964226976e-01
4.325253451752795186e-01
3.524777254263972148e-01
4.898934942358940114e-01
6.198031444435644355e-01
3.754930720085858376e-01
4.687502216637671193e-01
5.019480257852839689e-01
6.079309756386350738e-01
6.157780801328348597e-01
6.786561561736788040e-01
6.406977763450942831e-01
5.772498162790626886e-01
5.322036877083418105e-01
5.673468571816382422e-01
7.006785858518813637e-01
5.122733050472874083e-01
6.849729860430973094e-01
7.670495707228600635e-01
7.858051946007507116e-01
7.058440012470048597e-01
6.643456037740158582e-01
6.452455569271625668e-01
5.455409880993074001e-01
5.871976883811251824e-01
6.475470766281870016e-01
6.222417865846667784e-01
6.761812247143296206e-01
5.828682394351532015e-01
4.083269658192948404e-01
6.483155359617632785e-01
2.984512672998408389e-01
2.448192556099801909e-01
5.955771110321057549e-01
5.491662338957359335e-01
6.894328868892585227e-01
4.755886082435104578e-01
5.979756685815590389e-01
4.836469507667741086e-01
5.288932866071858196e-01
5.150564909082244736e-01
7.161833588577579679e-01
5.591251336376290570e-01
4.983968639247212673e-01
5.261008184990487724e-01
4.378478953611597557e-01
4.791050800163807466e-01
5.376411768810904768e-01
5.547810910313637489e-01
6.456261528482810652e-01
5.065211481890919964e-01
4.824894445970602241e-01
6.208176866225321167e-01
7.659188585989838982e-01
3.613911124854121137e-01
5.621308990461596489e-01
5.844236936685941464e-01
6.326200540543021056e-01
4.333402801974927110e-01
4.430723908153268997e-01
5.155789754183593976e-01
6.304876822534901670e-01
4.703056956232839481e-01
5.842159107849930200e-01
2.047988758371868112e-01
3.250510860187678652e-01
3.259164924055302226e-01
4.836305188948908373e-01
3.873027493116226738e-01
5.962768970977790906e-01
5.832207031364663452e-01
6.512681279808060220e-01
4.659760501499692342e-01
4.059226227157237687e-01
5.691597625259980919e-01
6.857903916302732217e-01
3.894626247151353748e-01
