3.853733528118592488e-01
3.122302058768646749e-01
3.271080795546117415e-01
3.372933865726922553e-01
3.273041063684271057e-01
3.140847294549841129e-01
3.114508879738280278e-01
3.211330863305238426e-01
3.334010438734011927e-01
3.408580700772620986e-01
3.395289388276077069e-01
3.320186821172308456e-01
3.221387125241821359e-01
3.143369665391174683e-01
3.110778858710121497e-01
3.110199755821509982e-01
3.113828732002468236e-01
3.110064022621656932e-01
3.110273961498357664e-01
3.132642613017031508e-01
3.178594984654639077e-01
3.232764149183084967e-01
3.263531848235262656e-01
3.247302956630745419e-01
3.201297821228511475e-01
3.149811420485306712e-01
3.118990760998485712e-01
3.109641134645926286e-01
3.108853497112046282e-01
3.111556170414839784e-01
3.124611552195091235e-01
3.154926412620001619e-01
3.196555795255232590e-01
3.220993266193519222e-01
3.207514391230432693e-01
3.170690342899290526e-01
3.136857359274529689e-01
3.119339533848984880e-01
3.116519079639638035e-01
3.124340834869848704e-01
3.141491087610388533e-01
3.168032394930125895e-01
3.191692357814689407e-01
3.193617055240057789e-01
3.175916420400169971e-01
3.153434946566022745e-01
3.134770278511083141e-01
3.131413887975162957e-01
3.140595026267741785e-01
3.160683712975481674e-01
3.179321134089900802e-01
3.184008424832525108e-01
3.173145512795879641e-01
3.161330213904269826e-01
3.154640477948460475e-01
3.159064059637550770e-01
3.171381776453993107e-01
3.184584314210326950e-01
3.175859329651321561e-01
3.164122439427797806e-01
3.174092250624090950e-01
3.194258950708607214e-01
3.209334042600334724e-01
3.186948198221983830e-01
3.179737887488469639e-01
3.188284327010540986e-01
3.219290924856079705e-01
3.185417367158208668e-01
3.144176802888579703e-01
3.214757963314647249e-01
3.225667380238915749e-01
3.150837098296148664e-01
3.176515814719190756e-01
3.376261243001373868e-01
3.158474897954636207e-01
3.222138399568480471e-01
3.245727778837659283e-01
3.123553301311278174e-01
3.375185003560137176e-01
3.112441754548938011e-01
3.155241996958138007e-01
3.334215315550268510e-01
3.159702074603635280e-01
3.123579057322893870e-01
3.198582153726954314e-01
3.272521757767631323e-01
3.183960747742933250e-01
3.130776228868947797e-01
3.189644418150258121e-01
3.237767057370151136e-01
3.179658908847490251e-01
3.136198643051200108e-01
3.178306285647277685e-01
3.212788834834385820e-01
3.155454147928085096e-01
3.122740543137696445e-01
3.238636258203622109e-01
3.154757912711225742e-01
3.123829377850990685e-01
3.198769316010724451e-01
3.124841319892491809e-01
3.148981302316767872e-01
3.169303438586498212e-01
3.122715416960071266e-01
3.178311948147457544e-01
3.111710659126013523e-01
3.278906157367925678e-01
3.144597605379125804e-01
3.369690553152991930e-01
3.110888136230526291e-01
3.110905341079810427e-01
3.350140354930655207e-01
3.111409829393690929e-01
3.119845573145333395e-01
3.260186147811189317e-01
3.139570945191086926e-01
3.132252458454554134e-01
3.232957811652363844e-01
3.165134326890530758e-01
3.118396957744595799e-01
3.200985864177864348e-01
3.120614952502505091e-01
3.108372042087300668e-01
3.207917087133910217e-01
3.109496541319535234e-01
3.125636556131408117e-01
3.185671651046213526e-01
3.108320545388322254e-01
3.213149640536041574e-01
3.108561216357007551e-01
3.256177694014047441e-01
3.108472129357934266e-01
3.285160859107030262e-01
3.108315369233007885e-01
3.201799582377947706e-01
3.159343811008517022e-01
3.125291666597190821e-01
3.204857257069966270e-01
3.114648464164186947e-01
3.234701915743066758e-01
3.109110248293431855e-01
3.354513929133506878e-01
3.118739196491697729e-01
3.326431246248744422e-01
3.130501714315230277e-01
3.115602453413328643e-01
3.231295789162407228e-01
3.126633676950481000e-01
3.156839029363298632e-01
3.134633610111008384e-01
3.144582530999910919e-01
3.126409697083518680e-01
3.239845369711757961e-01
3.116642901209540906e-01
3.633666507401021040e-01
3.159649608218915162e-01
3.305132356654053583e-01
3.109290412831808847e-01
3.183189661117161728e-01
3.193582567490867996e-01
3.111886299658979116e-01
3.230953273359570277e-01
3.124340822984423838e-01
3.120013139389825607e-01
3.248599484862371156e-01
3.114684567993822872e-01
3.429172758752428996e-01
3.133497213823662753e-01
3.201649221675115786e-01
3.259328277947666219e-01
3.115957728341385291e-01
3.167085831552074460e-01
3.225923073643564010e-01
3.109140290858464217e-01
3.152136753933019175e-01
3.231955807806169423e-01
3.110200158117407687e-01
3.134047643246749004e-01
3.193398322542503331e-01
3.111213943699516760e-01
3.171273620982092423e-01
3.180292508272906105e-01
3.108747258723670859e-01
3.211246138503740521e-01
3.150503694360754503e-01
3.109875056901503232e-01
3.209303523145174974e-01
3.125056378175564697e-01
3.124850023396914533e-01
3.174408948624287685e-01
3.120392575856600903e-01
3.159105598571669837e-01
3.144686486662437996e-01
3.138285166363046219e-01
3.155409943981639653e-01
3.122541350570459118e-01
3.142152150983894554e-01
3.136583951462682540e-01
3.132218316182772133e-01
3.184489636705685189e-01
