8.050424044508002197e-01
5.259071708095417463e-01
2.328849514717949987e-01
4.462777537385609339e-02
3.651886014718108697e-03
6.683888840487395289e-02
1.119845876039715638e-01
1.013343004319436913e-01
6.019046735303423823e-02
1.865113236987381296e-02
9.719821256426453004e-04
4.457984577004858728e-03
1.518876209060926463e-02
2.358591961333156295e-02
2.580685185598574627e-02
2.103476178075924796e-02
1.251002181108706868e-02
4.594118852415118859e-03
6.633934858906176402e-04
1.790710515798599189e-03
6.789103426680376252e-03
1.218216772079139254e-02
1.471389917918319856e-02
1.347958738142396307e-02
9.409341903077184099e-03
4.802838661817410149e-03
1.546107076123126589e-03
4.709082189291446952e-04
1.235057882000623053e-03
2.733079643908675749e-03
3.838938989679130387e-03
3.899897902014726192e-03
3.039175945055094807e-03
1.754017028403387357e-03
7.295308243658871206e-04
5.063012090701368706e-04
1.150349966543617874e-03
2.203480130259061198e-03
3.060433144281282658e-03
3.304193680024547497e-03
2.796176853790077743e-03
1.927103840010713220e-03
1.102145940814258651e-03
5.965565822625418235e-04
4.725881784393148877e-04
5.798598748579797402e-04
7.192968800977528332e-04
7.526755688440633918e-04
6.594637774013367704e-04
5.199982975611083802e-04
4.747489737655374853e-04
6.080546720960144924e-04
8.771485678336077285e-04
1.122630604742380633e-03
1.238220636317843848e-03
1.191500122104227621e-03
9.984983033586303236e-04
7.602533157378132955e-04
5.782728561665173572e-04
4.903631231938376800e-04
4.710213560822351653e-04
4.725240248317774672e-04
4.716420949009147989e-04
4.744303431100105328e-04
5.068816861739655621e-04
5.754725628306367469e-04
6.606018524719647900e-04
7.600783221356488539e-04
8.161238546861016019e-04
8.140718238678346097e-04
7.596020607927300716e-04
6.817956772628974704e-04
5.855093358504426249e-04
5.195786228959775599e-04
4.870079193874943257e-04
4.779217665084045663e-04
4.773128785235947191e-04
4.837826736913131143e-04
5.024102056678803052e-04
5.428711164280342061e-04
5.968890463575737826e-04
6.720109812743402244e-04
7.193641484314339252e-04
7.359472537791234004e-04
7.136386652322190827e-04
6.714292821935474720e-04
6.089921601132308737e-04
5.573042150714968557e-04
5.183838214446456760e-04
5.037022522133005609e-04
5.033601438975132680e-04
5.146770483538398722e-04
5.330545008171982957e-04
5.556535501268777821e-04
5.738474729605202995e-04
5.875221149488352168e-04
5.928356958720959469e-04
5.973590486928470611e-04
5.881301005340455745e-04
5.696235195866705681e-04
5.623057759922556187e-04
5.696220448611066800e-04
5.733334830755332234e-04
5.834406139848535844e-04
5.827947852069526036e-04
5.769685267947854967e-04
5.671509399804985918e-04
5.639476469734283626e-04
5.645059114186556926e-04
5.603317674457430897e-04
5.547761137505435869e-04
5.475656829689867777e-04
5.409711709265518920e-04
5.502761322162541546e-04
5.578831199422040754e-04
5.580186628496575096e-04
5.548348674027092642e-04
5.624456166655189548e-04
5.793244210022807650e-04
5.861102334707712913e-04
5.809827956946289618e-04
5.671900878796432011e-04
5.476965771007424877e-04
5.313715524017936787e-04
5.234015088606547295e-04
5.322822947873007138e-04
5.551917970976205652e-04
5.789880233669775222e-04
5.927082782886117229e-04
5.915547122976594352e-04
5.775526508372541556e-04
5.569305933673662778e-04
5.726709394441309442e-04
5.930504087261478929e-04
6.016117171639967509e-04
5.862819667308283300e-04
5.647073297369020750e-04
5.543388087796419228e-04
5.454059992386905975e-04
5.353517569799404185e-04
5.439965012283831669e-04
5.525768259149188566e-04
5.681521481557538777e-04
6.012997529484254144e-04
6.208030631037475544e-04
6.144060113633109665e-04
5.876575121668281554e-04
5.638278520142536721e-04
5.485367244705274814e-04
5.479293709013122182e-04
5.484832280586715569e-04
5.466348512471741472e-04
5.445365952061465009e-04
5.695298095639289571e-04
6.047066794835354031e-04
6.428443961733476542e-04
6.453653721414376321e-04
6.140532111681418215e-04
5.803945009070776706e-04
5.589456594093933361e-04
5.399011133380149374e-04
5.534532330592201177e-04
5.638590377373686735e-04
5.831754013987389129e-04
6.127742646171441265e-04
6.386756021791173410e-04
6.313677406772910672e-04
5.941192265739303480e-04
5.495928746335199122e-04
5.168746502470789039e-04
5.010921614868601992e-04
5.001495677103839910e-04
5.477893979792813894e-04
6.716317963173512595e-04
7.665402484023919882e-04
7.614966476331419543e-04
6.637316286839389790e-04
5.594800370207764217e-04
5.088770983493473565e-04
4.954192298141091300e-04
5.060223588310153175e-04
5.406927787386939244e-04
6.198553077073620798e-04
7.118723297006024353e-04
7.308696709992235085e-04
6.870671677121631404e-04
5.985618106726375842e-04
5.369435986409820671e-04
5.004010438335315669e-04
4.878222987299007940e-04
4.913319529490367543e-04
5.133936756925860934e-04
5.860162262202317507e-04
7.068528726531519979e-04
7.944910700031782014e-04
7.648343166535287452e-04
6.476052344284166651e-04
5.353811574619893321e-04
4.851359287393330888e-04
4.728296920412100590e-04
