9.513822982242473580e-01
9.380165767411882127e-01
9.160620987321057562e-01
8.892149378183843433e-01
8.582035850665836740e-01
8.186373631753540714e-01
7.730644677298992296e-01
7.231148628411970813e-01
6.762275804197879214e-01
6.365772062449408519e-01
6.018705739826786250e-01
5.815058634548304628e-01
5.650120721015461367e-01
5.509170479148700617e-01
5.386605068987599942e-01
5.303272483487879718e-01
5.243226384685085728e-01
5.193444177407897655e-01
5.149281597932053867e-01
5.116286948082449104e-01
5.089139336166101923e-01
5.072882397397091570e-01
5.059890663122581511e-01
5.049770725593911713e-01
5.041583699310973055e-01
5.042397840148704624e-01
5.043636689379180638e-01
5.045285504536636267e-01
5.047537540806192879e-01
5.050382431995198429e-01
5.053751081687083424e-01
5.055960299395081403e-01
5.054764287391193545e-01
5.053693375781858066e-01
5.052941486369837421e-01
5.049797023568389776e-01
5.045355933821078498e-01
5.041508806119667785e-01
5.039125078088162457e-01
5.038529455314100236e-01
5.039577273950790470e-01
5.040539047099447112e-01
5.040494440229559281e-01
5.039046900393231443e-01
5.038898284054988963e-01
5.040988281243814484e-01
5.057100487744191630e-01
5.084805638413874007e-01
5.114287351445726548e-01
5.157471775561264238e-01
5.213215610946413392e-01
5.250597259620428670e-01
5.372636535986786699e-01
5.500685872328681114e-01
5.638520844483387862e-01
5.769167879356708051e-01
5.884314871100549960e-01
5.996149798124201791e-01
6.071057597720282972e-01
6.080915604725333212e-01
6.037604838075445457e-01
5.931577649209108793e-01
5.840112488240645217e-01
5.745616906946168223e-01
5.685971005758718722e-01
5.602491984079029930e-01
5.535584157151958173e-01
5.470742827240332451e-01
5.418609513080756557e-01
5.368207594192424548e-01
5.327666846436278636e-01
5.290017731974430149e-01
5.258403920909822116e-01
5.227880664417160483e-01
5.198079092209637597e-01
5.172451635932083791e-01
5.149421705529946269e-01
5.131252419308247603e-01
5.118603294328016862e-01
5.106686871955345985e-01
5.095967247466020034e-01
5.088949224655486825e-01
5.081299448444747124e-01
5.074544182812300575e-01
5.068095949213382578e-01
5.062394558249018184e-01
5.056759762583233897e-01
5.051154464260729782e-01
5.046029195820436186e-01
5.042023532888484372e-01
5.038376666083794753e-01
5.036854591489539068e-01
5.034868437554531617e-01
5.033236909478491228e-01
5.031310810774458631e-01
5.029680221845276300e-01
5.028714180106483855e-01
5.027135707005336851e-01
5.025825077425747356e-01
5.024847473348450499e-01
5.023994283932630145e-01
5.023332483353887268e-01
5.022629959575952707e-01
5.022576910845697462e-01
5.022706520332116398e-01
5.022598483140577885e-01
5.022364044240945624e-01
5.022367182380719219e-01
5.022184001657734598e-01
5.034992187652674867e-01
5.052353986814821507e-01
5.076298421062684918e-01
5.106048257238475774e-01
5.143545693849409517e-01
5.181676863154253132e-01
5.225234580337951851e-01
5.258312729952567821e-01
5.285094443886558802e-01
5.298730869804774146e-01
5.286386175164115020e-01
5.253464541028244339e-01
5.250892532808560942e-01
5.266505621603549958e-01
5.327467417156646068e-01
5.366744391993175656e-01
5.289121619054166779e-01
5.097327874486158317e-01
4.987767599873151880e-01
5.030756857964642226e-01
5.060995506830806567e-01
4.931378731717978026e-01
4.703065369918058014e-01
4.528284300295666309e-01
4.414284699737720530e-01
4.179122582415278897e-01
3.859753718428873270e-01
3.502988101612716232e-01
3.109769244196789462e-01
2.710065177655716084e-01
2.049812918335474077e-01
1.686014980717869260e-01
1.528972777238878367e-01
1.981686854424524746e-01
1.621205418415074817e-01
2.229746902285087984e-01
1.604666547152574507e-01
1.225796657879398843e-01
8.433499953728307297e-02
1.052546228013975238e-01
6.129783056860405033e-02
4.007677783222174384e-02
4.557847367205536404e-02
3.718845380503410514e-02
2.721012419596591236e-02
9.387076102668656663e-02
3.577296093792048381e-02
1.633248658244657037e-02
9.312096862905194783e-02
5.297261246939699575e-02
1.210077776511424563e-01
1.218390681199436054e-01
6.888315463473959621e-02
2.136693001746703402e-01
1.396420065876370353e-01
7.426729615504001902e-02
1.923669514211610032e-01
1.059441213806039395e-01
2.890830469821126236e-02
4.211507430381389305e-02
5.688834462352843069e-02
2.851152204117091138e-02
7.552352862147437840e-02
1.345858152054879575e-01
6.034889168597445952e-02
8.371786935492364634e-02
3.074507610022059190e-02
1.544319995076315344e-02
1.594212904580571966e-02
2.543263436228593299e-02
3.635033575375090642e-02
3.871263175994754668e-02
3.937140211309553273e-02
2.867306746785991400e-02
2.992369988950849269e-02
2.483590293068638211e-02
2.720796000831904315e-02
4.002228554079656497e-02
4.351993532488207528e-02
5.228550429465106397e-02
3.376890073454164032e-02
2.687767458851575419e-02
2.076363078061249645e-02
1.994936166393856958e-02
2.875469754277570900e-02
4.312156003706402174e-02
3.669975178795681359e-02
7.052383315568055977e-02
4.169148801794708703e-02
3.445445477969122372e-02
2.332238722155088873e-02
