1.060443487025639620e+00
9.472681161671340222e-01
7.921947068437803496e-01
6.116092543878108856e-01
5.005260497048229507e-01
4.699908773674226214e-01
5.054993811857360075e-01
5.347569867031151114e-01
5.233547888572784856e-01
5.032118513322483278e-01
4.804782309150955610e-01
4.709281491704234712e-01
4.734514342105016205e-01
4.806592511026711589e-01
4.865364799950460117e-01
4.831520831238172997e-01
4.864569118241807155e-01
4.812762517796145278e-01
4.735158301383002311e-01
4.704345708768481460e-01
4.731566079754199183e-01
4.737050582445007096e-01
4.774760351784006485e-01
4.770542800465036315e-01
4.761142581594671741e-01
4.771741769881695516e-01
4.733639471784527597e-01
4.712555568625307334e-01
4.682383701408682208e-01
4.702345630442144042e-01
4.732459095049856845e-01
4.718973047542008858e-01
4.723521932707284154e-01
4.713517664865500834e-01
4.671020805721881608e-01
4.710916400506127699e-01
4.702512065968342814e-01
4.698079192384582159e-01
4.708474594893198306e-01
4.713124283357751354e-01
4.729074676465057081e-01
4.727761265984462558e-01
4.707532427940996911e-01
4.684223889572578514e-01
4.751617599234875255e-01
4.687845655912877829e-01
4.719380213655651746e-01
4.722673219360931096e-01
4.712439615385635161e-01
4.709023662327388449e-01
4.702860056585757009e-01
4.707635795177934623e-01
4.687750128293268759e-01
4.701858960428427769e-01
4.709882513367451562e-01
4.751293984737269271e-01
4.695678978304389517e-01
4.706078652407700291e-01
4.659797966924079660e-01
4.744976780722361953e-01
4.709929656903688588e-01
4.707213749946959069e-01
4.684618264230112628e-01
4.687426473903503199e-01
4.693562622472750023e-01
4.686032328004757774e-01
4.701601232514984741e-01
4.732592124977615944e-01
4.717674385628722877e-01
4.701916705244312267e-01
4.687940868084767843e-01
4.701922734865076059e-01
4.711759158596241504e-01
4.725293497759948114e-01
4.729614500147431011e-01
4.694040391540466040e-01
4.716007242235150665e-01
4.671596990581751152e-01
4.708164302665798218e-01
4.678362079643560989e-01
4.675749625842042789e-01
4.736045873731156153e-01
4.705987323502123232e-01
4.727942086142841172e-01
4.696070430067476043e-01
4.710893786556537011e-01
4.687980458613750789e-01
4.741351012111241214e-01
4.690524160893484451e-01
4.685288447690790781e-01
4.691338437195764488e-01
4.717218024761562489e-01
4.697891442877994983e-01
4.685545556993343519e-01
4.714416360874128520e-01
4.706600559692624142e-01
4.699806350610763461e-01
4.721167134002219878e-01
4.649024938438774956e-01
4.675782446063996289e-01
4.709019579954077939e-01
4.700359812852225039e-01
4.704297735717595241e-01
4.711035824293670071e-01
4.686917755780629635e-01
4.718216883081123303e-01
4.721422645113322325e-01
4.697865060388712877e-01
4.690737100340579557e-01
4.700660118113246799e-01
4.700912756496429257e-01
4.700188739847434016e-01
4.711013052508081778e-01
4.746560556481642656e-01
4.699258851963226125e-01
4.719646050097534573e-01
4.690524870657482026e-01
4.721274888213434773e-01
4.731236393767432880e-01
4.703943996562119922e-01
4.690548519331315669e-01
4.751665284193949956e-01
4.726461641795531854e-01
4.715317737730722047e-01
4.671250225350430663e-01
4.722287133217389909e-01
4.706014163880601897e-01
4.712645665005245066e-01
4.680637745207639755e-01
4.703959189644379979e-01
4.695131681092380438e-01
4.695576945391674029e-01
4.720217336290286614e-01
4.691599847362813991e-01
4.707726921795744035e-01
4.724086425739907336e-01
4.705360726160243701e-01
4.706124811423173515e-01
4.689930231770059743e-01
4.723114912534799315e-01
4.747730531765668172e-01
4.692347076341563117e-01
4.708655184210752687e-01
4.692104324337559307e-01
4.693385516178714134e-01
4.724117873388361533e-01
4.712032986669125734e-01
4.702907218878500384e-01
4.675309552646951250e-01
4.696676421238495935e-01
4.693278193344537774e-01
4.725377729519498748e-01
4.700653866783056634e-01
4.696485460329357098e-01
4.706039897698360841e-01
4.695616719650530513e-01
4.697062761308019585e-01
4.698454949417886217e-01
4.705867388629099146e-01
4.706465091403029266e-01
4.693238908210909388e-01
4.691109398310707723e-01
4.701587255664340104e-01
4.687835224518237531e-01
4.716425616121143749e-01
4.725980313783020303e-01
4.703546891955605602e-01
4.714454604377984470e-01
4.685128447340638491e-01
4.700653155482794610e-01
4.712463817381639108e-01
4.749612252095147813e-01
4.709427275980201388e-01
4.717822707018897166e-01
4.698512492921979034e-01
4.711922531821387539e-01
4.707410868254079395e-01
4.700565465079330485e-01
4.732491690529235795e-01
4.702170051797995853e-01
4.734304328587884969e-01
4.668598963218840714e-01
4.700535326601914532e-01
4.711740908153625451e-01
4.701866977427193728e-01
4.699565491606477741e-01
4.718425807489623480e-01
4.732641850697369978e-01
4.741375607800923930e-01
4.693781477534068047e-01
4.688370871475341373e-01
4.712885380215406927e-01
4.711759667678837582e-01
4.708897845899238099e-01
4.750120282431611329e-01
4.710171334858294090e-01
4.700152115134177411e-01
4.731620110694166881e-01
4.732549973237150098e-01
4.725196781497956744e-01
