1.200935098036879367e-01
1.884457693470675821e-04
1.016358657367015805e-01
1.968944260637474075e-01
1.735667067487998150e-01
1.008812236602888435e-01
3.776127724861944035e-02
6.581539151420900957e-03
1.958813235738432468e-04
3.198522742859921664e-03
4.661463776800989223e-03
2.490327463812724851e-03
1.953485026749968156e-04
3.121373518410464065e-03
1.427184180890572751e-02
3.093622242083793328e-02
4.577093868333703686e-02
5.190932920400392891e-02
4.790843708752146046e-02
3.686376696627036154e-02
2.379354459208260497e-02
1.295135023886417880e-02
6.551575084038141483e-03
3.283161266527834243e-03
2.030505966318485456e-03
2.023922343160400317e-03
3.111483914203461154e-03
5.661236903092503603e-03
9.999538394127371888e-03
1.548370441581981005e-02
2.073912409232314680e-02
2.457376134595468109e-02
2.588349805353673538e-02
2.440681985464387971e-02
2.081873289323588061e-02
1.635448384289717172e-02
1.222215362587542042e-02
9.166937046991896487e-03
7.503871816548990381e-03
7.070221999220915876e-03
7.648860168968374396e-03
9.120558375595333445e-03
1.133504388679318353e-02
1.387557701579600344e-02
1.626814035523094226e-02
1.786329789100604692e-02
1.838586562537636304e-02
1.772451064144664468e-02
1.620515919307619068e-02
1.435131002833101022e-02
1.256723384145086442e-02
1.119796677747020297e-02
1.046402243160005074e-02
1.034041118032635875e-02
1.078955214214460945e-02
1.170080397233252967e-02
1.280661942353422678e-02
1.388868105899920824e-02
1.473431190406415681e-02
1.518688333445783467e-02
1.523994663535432892e-02
1.483776664189817573e-02
1.417935201166919956e-02
1.339027690134542148e-02
1.259514118269711158e-02
1.210275558058671042e-02
1.191730774897492573e-02
1.220042897822148920e-02
1.275704483757700292e-02
1.344325915372324154e-02
1.403407761744568383e-02
1.438995546849874962e-02
1.449844561723856451e-02
1.429141493536589813e-02
1.385214382631605456e-02
1.331472961904978103e-02
1.282080363202442452e-02
1.248285037650032070e-02
1.238681997702983928e-02
1.256599832360294489e-02
1.289760132006856352e-02
1.335001668868873725e-02
1.382831216973556820e-02
1.397216047396065974e-02
1.391446562990883429e-02
1.368898517395344960e-02
1.337157988692272426e-02
1.305549661202376477e-02
1.277342379677026685e-02
1.256730510615644558e-02
1.245785561574674905e-02
1.256478155119145068e-02
1.291245592065926040e-02
1.334842053525453487e-02
1.372102584565326744e-02
1.393076787292446550e-02
1.400035356797080244e-02
1.381169457408926160e-02
1.348535005980544543e-02
1.301957602145609183e-02
1.266721939349013670e-02
1.251134778497964284e-02
1.253321707882559810e-02
1.275243394288427812e-02
1.309284193745707814e-02
1.354824465619786089e-02
1.376431017236490195e-02
1.380875675428860916e-02
1.366467818590544336e-02
1.341238048659665338e-02
1.305840394504020896e-02
1.279631968304439926e-02
1.278874336439783654e-02
1.291633169812300697e-02
1.322998072677084025e-02
1.346220480247151130e-02
1.360772247088704034e-02
1.362893395248776507e-02
1.353052926931597177e-02
1.345783868742411737e-02
1.332701860940954663e-02
1.325991525905423352e-02
1.329835205114637819e-02
1.310535148797153937e-02
1.297544424224228443e-02
1.294277823101530611e-02
1.300746844207711916e-02
1.314146539574168049e-02
1.329632872460684290e-02
1.364141969388810161e-02
1.369880699945780211e-02
1.360367403087314742e-02
1.340229447181640055e-02
1.317063936742179919e-02
1.309490317013328742e-02
1.318685280790776737e-02
1.319511254746241757e-02
1.321917079153145380e-02
1.324948469017550590e-02
1.314621871029952871e-02
1.308592705716726812e-02
1.295652589120444009e-02
1.302140144051133763e-02
1.311023904408548102e-02
1.322550258286381286e-02
1.333711775922441500e-02
1.340660413249161742e-02
1.341453746007292835e-02
1.336302431283276082e-02
1.311937672585172798e-02
1.294447862303915731e-02
1.289063756402575311e-02
1.296486436900046169e-02
1.312975698281149128e-02
1.357456349992069988e-02
1.395374534159499191e-02
1.404496380086173168e-02
1.383969751656277669e-02
1.344412770415281955e-02
1.302183027201098131e-02
1.272492347014086977e-02
1.264343750115226594e-02
1.286999412770761797e-02
1.321239955276198863e-02
1.362888483792412675e-02
1.386841920213732759e-02
1.378497659379707141e-02
1.351126025911530970e-02
1.325946221117413337e-02
1.292228565370689974e-02
1.273924936301562560e-02
1.284936938380076832e-02
1.309618489596087176e-02
1.337722489648329738e-02
1.358366616196227117e-02
1.373753839061753190e-02
1.353877271624526202e-02
1.340063936545610179e-02
1.334411619042441544e-02
1.325562076771202857e-02
1.317190263747192169e-02
1.325151364098953177e-02
1.341608509772718172e-02
1.359805997189167392e-02
1.340629967854856108e-02
1.296950627293480540e-02
1.282092370784515545e-02
1.279616382269310737e-02
1.314155269779426760e-02
1.367587422696003863e-02
1.399434763409579396e-02
1.394718756381541080e-02
1.362507443193383683e-02
1.313153465079541782e-02
1.258515964280637611e-02
1.220718544454357790e-02
1.227345667010670827e-02
1.285052086701710117e-02
1.364433984027346725e-02
1.432050348802615947e-02
