2.786213011262574923e-01
5.458862679125187078e-02
1.107579332961003971e-01
1.289924660543906310e-01
8.330453915032820511e-02
5.114482485745808216e-02
5.535824765871277808e-02
7.164524407776695636e-02
8.377204566316576173e-02
7.220021072359583680e-02
6.074881466029591337e-02
5.388112283038959394e-02
5.037058339041733390e-02
5.563088462639909082e-02
6.185173521530118457e-02
6.294872688304242736e-02
5.789072480755441674e-02
4.778648104749638748e-02
4.952853922394373498e-02
5.082304834758133438e-02
5.248350435674908887e-02
5.297489488424789172e-02
5.453822286787957108e-02
5.500930290806749223e-02
4.974677608678090834e-02
4.863943191393726995e-02
5.071139227031351560e-02
5.081582151483521326e-02
5.093012495610205193e-02
5.347443659498851698e-02
5.175324214490584218e-02
4.884065339478771417e-02
5.047044961079893977e-02
5.098261051925445653e-02
5.166420839731800108e-02
4.930203568195457020e-02
5.215448852189297213e-02
4.527073948534121595e-02
4.697699956069412153e-02
4.802246112484487295e-02
4.683892695141167462e-02
5.048613498184462145e-02
4.666446138294433332e-02
5.072430168238073467e-02
4.551593350426075268e-02
5.065621300359979262e-02
4.662460837420878690e-02
5.160148641857009721e-02
5.204074330480690236e-02
4.694190185342705934e-02
4.737510627328589408e-02
5.118475831768021234e-02
4.294409243239949436e-02
4.802831730111511988e-02
4.721036608801598700e-02
5.102211244269083679e-02
5.103835674829071412e-02
4.483559469862474778e-02
5.124126979769694223e-02
5.371603717953998824e-02
5.103532035929714272e-02
4.489162033109073136e-02
5.056842620633250629e-02
4.364092494919746823e-02
4.748436667200706118e-02
5.071866811313074930e-02
5.094216274439677949e-02
5.172396186597583156e-02
5.041286268428024631e-02
5.083344326661265455e-02
4.588454131133312686e-02
5.026429263909049094e-02
5.159345673731352555e-02
4.722410482536942844e-02
5.072487559686633674e-02
5.189082491891394699e-02
5.104963435770670799e-02
4.944076350537651710e-02
5.266851382540982396e-02
5.131204573142167380e-02
5.053518055975469991e-02
4.986372559923391012e-02
5.141608337029368592e-02
4.813376147505310509e-02
5.068006987062967372e-02
4.854002451464967116e-02
4.672303386319431873e-02
5.082415129113626584e-02
5.168644294557400709e-02
5.153449368599527514e-02
5.122308926796248496e-02
5.054761511450533984e-02
5.122886321480168981e-02
4.934005123311324681e-02
4.512867033608769507e-02
5.130633789719241111e-02
5.169443361105519053e-02
5.127513027027985615e-02
5.097679276349087463e-02
5.114625829778463029e-02
4.533597434764569112e-02
4.657536946952145485e-02
5.040703787249123380e-02
4.947720737017502479e-02
4.632442149881088600e-02
5.124159705382913543e-02
5.141987084448829126e-02
5.149511538569784275e-02
5.045115572906211376e-02
4.650227043038446251e-02
4.704775517500370263e-02
5.281013870542605737e-02
5.104836444238425308e-02
4.815161516722255008e-02
4.500018610933820273e-02
4.362642793705706623e-02
5.163913739235137523e-02
5.092762363903657885e-02
5.031417040343744151e-02
4.689610848785230601e-02
5.292071407524279181e-02
4.641631565729686937e-02
5.107924246158224157e-02
5.079790500374548046e-02
5.154898422806264424e-02
4.670186612559934503e-02
5.034308200768000674e-02
4.701423071494814643e-02
4.687237144443567871e-02
4.696384490698701786e-02
4.741585629818301229e-02
5.030494591774259394e-02
5.072865427584916098e-02
5.019879163732210436e-02
5.028603761227457003e-02
4.571594124418654204e-02
4.547911775115631716e-02
4.652709117583331278e-02
5.106362910265460631e-02
4.658919422311524894e-02
4.850213918460388740e-02
4.759232673810431802e-02
5.034586922715078572e-02
4.621888093284032273e-02
4.668338720885056858e-02
5.055865552208316238e-02
5.078378301239183656e-02
5.059708402752638445e-02
5.153117426950759583e-02
5.022926250760750833e-02
4.429091344791669105e-02
4.722025094736082007e-02
4.799679561332925726e-02
5.029127826713053473e-02
5.068825110270058776e-02
4.604990386593466045e-02
4.470321212691819035e-02
4.928964664349522184e-02
5.235151496911438773e-02
5.084020249927490021e-02
5.044885715589686459e-02
5.342466601109352453e-02
5.046056159103240457e-02
5.070146787386176079e-02
5.109505625049792776e-02
5.086909855896148969e-02
5.111666504282785795e-02
4.801561184414648853e-02
5.058456627525043103e-02
5.268113567443466483e-02
5.081243761647447066e-02
4.431718296639219901e-02
5.029121835286842757e-02
5.057104202872442222e-02
5.204163724492250065e-02
4.895158580927128078e-02
4.502545445307903904e-02
4.902903311890982607e-02
5.085477577535912896e-02
4.613575494655930420e-02
5.103302131778209016e-02
5.071509566757104182e-02
5.117329495222777691e-02
5.054591438365862999e-02
4.606738302573265553e-02
5.139083728990068156e-02
5.057985521467711632e-02
4.973576504652843511e-02
5.055848809571339419e-02
4.461965712426119168e-02
4.332776319519493491e-02
4.643483322730812546e-02
5.067522568277349482e-02
5.086910671933964068e-02
5.086891132613402533e-02
4.571440330089115989e-02
5.085460807632524727e-02
4.582751832662923519e-02
5.109497278621910610e-02
4.441340444336139281e-02
