1.105688947736188643e-01
4.427727800009551018e-03
3.681232521417421300e-02
1.519922265611073353e-02
9.681073473116752481e-04
3.120018456655038186e-02
7.806515736971952890e-02
1.039779769041007107e-01
9.867671664225641237e-02
7.219593802783896841e-02
4.045347405565624666e-02
1.721689054699360177e-02
5.520701263838523332e-03
1.873470066481752738e-03
1.554950676434296852e-03
3.484392106374190057e-03
9.377182899774294533e-03
2.003207354241653970e-02
3.321911465862492641e-02
4.450310746463048694e-02
5.044049791097882096e-02
4.973595137658226584e-02
4.323398887770724119e-02
3.372166249462782428e-02
2.442525681797247383e-02
1.697716260458814741e-02
1.221525701133807651e-02
1.007883487542449163e-02
1.020124601740790560e-02
1.240457765958713487e-02
1.652296322343738133e-02
2.205166817606796226e-02
2.804085901603226016e-02
3.266487612535051710e-02
3.474920217368371311e-02
3.398970974694404124e-02
3.079524060613914038e-02
2.633939508770999360e-02
2.190772964045206717e-02
1.841767740181576851e-02
1.627650668800673106e-02
1.568178923837693084e-02
1.650154233194311981e-02
1.852244781142631247e-02
2.134405099586245136e-02
2.433905395319657661e-02
2.681349153840562050e-02
2.816287626149160950e-02
2.810575507030654840e-02
2.686959970673508113e-02
2.479638763025848736e-02
2.249063552185792680e-02
2.051387035061069675e-02
1.923396460966286803e-02
1.890720512142263221e-02
1.945483202184949967e-02
2.069827719870953597e-02
2.231999100335291253e-02
2.387255110187092022e-02
2.498727794514710165e-02
2.538001676651213678e-02
2.510264799540917746e-02
2.435394676331270603e-02
2.323641518809282935e-02
2.213220289800688079e-02
2.128117590393363567e-02
2.086937221503304407e-02
2.099294063731160787e-02
2.151251384838592795e-02
2.226445571866964013e-02
2.304578679342339509e-02
2.364145483012358717e-02
2.389865805573909707e-02
2.377287843009034951e-02
2.333394245284703405e-02
2.273557747620258418e-02
2.213510035008225962e-02
2.172469262303022841e-02
2.167763945006850879e-02
2.190750854168577177e-02
2.231285747177613743e-02
2.276469591994423336e-02
2.312798604193400109e-02
2.327555149141602442e-02
2.320861990145761666e-02
2.296678613120939350e-02
2.263885151304745325e-02
2.230405953103808958e-02
2.208937349822925889e-02
2.217367939413639188e-02
2.226330657581987449e-02
2.253157376360381825e-02
2.279523294927021659e-02
2.308854243013036545e-02
2.320132433506516545e-02
2.312465734577462406e-02
2.286883769362835217e-02
2.252841137124916848e-02
2.224329137770886256e-02
2.209569064183025677e-02
2.208141177891131957e-02
2.226465734026528143e-02
2.255116918356880884e-02
2.279679281784219302e-02
2.295487235937454518e-02
2.298198400088591331e-02
2.295718750993802626e-02
2.278779350894244438e-02
2.257235326815265619e-02
2.238571892666230134e-02
2.228614411856555400e-02
2.229810495913420176e-02
2.242304089993363281e-02
2.260933546454235721e-02
2.274143494785685338e-02
2.267619647130059146e-02
2.258980301782831379e-02
2.251356876639065696e-02
2.260759822770663785e-02
2.270419952355973159e-02
2.271931111993552577e-02
2.268978278533395621e-02
2.263001365595007641e-02
2.256390351096193569e-02
2.259736212621110685e-02
2.284263302876154977e-02
2.297720996194529963e-02
2.301110621301338810e-02
2.289279358769491513e-02
2.267939905143412371e-02
2.245694146637300381e-02
2.235572546323361109e-02
2.231691664527968300e-02
2.243372173376723122e-02
2.257855527818664054e-02
2.271575382314583447e-02
2.279534569767172059e-02
2.288126651181698890e-02
2.285225121415745964e-02
2.272996629224011134e-02
2.258617647497185299e-02
2.245994851503807510e-02
2.239670841688079506e-02
2.241458478994173831e-02
2.246412563828104059e-02
2.255873071188574386e-02
2.265828686076809539e-02
2.272390292375781051e-02
2.275066358998167892e-02
2.273198182428592951e-02
2.267929490355080624e-02
2.259873853736793503e-02
2.252470259297134625e-02
2.248525901431874807e-02
2.249286988401710818e-02
2.263457655788569944e-02
2.274721371191101849e-02
2.280612316974939269e-02
2.277490124886849543e-02
2.267435990051347439e-02
2.270278790860102980e-02
2.268498681189534683e-02
2.263263203466092666e-02
2.257006300042974090e-02
2.252367809650313024e-02
2.251118630444881585e-02
2.254346582426369761e-02
2.259396209573238945e-02
2.281594512851037315e-02
2.292453132101979207e-02
2.288444213851681397e-02
2.271070336641922705e-02
2.250588193096469958e-02
2.241805205989499949e-02
2.241351499051225105e-02
2.258453200756804780e-02
2.274383284249092974e-02
2.292715387776445013e-02
2.295012292793374709e-02
2.287998608863028860e-02
2.265497006894257037e-02
2.253013098763623212e-02
2.244573328734822404e-02
2.241080247846372053e-02
2.245950377754812877e-02
2.256284955949428017e-02
2.268971023599741788e-02
2.276258071105785596e-02
2.277389572237975557e-02
2.281309529389508040e-02
2.277127938097223137e-02
2.265480027255817319e-02
2.248083131927769429e-02
2.237541889603544831e-02
2.256474308083711300e-02
2.274994417370734823e-02
2.282625983906327871e-02
2.281022231885831975e-02
2.269750955217353372e-02
2.254919931951182566e-02
