2.868223956220038451e-01
-3.570478925509967816e-02
-1.352596427411834057e-01
-7.741206825414126413e-02
-5.294911217092201916e-02
-8.170867075692078707e-02
-1.222751635258712000e-01
-1.342627250070806966e-01
-1.301363530533521384e-01
-1.166725633298186793e-01
-1.066011988334631955e-01
-1.107972996180610625e-01
-1.246949096557730119e-01
-1.331756209430619009e-01
-1.381192198821397099e-01
-1.295738765254619285e-01
-1.207624280293513319e-01
-1.229320800158573146e-01
-1.286617669095202476e-01
-1.371090473355227601e-01
-1.341901457858656332e-01
-1.390195970353733657e-01
-1.297169538190545701e-01
-1.368213823876818225e-01
-1.288896681775903996e-01
-1.309174099063137309e-01
-1.339248373946151371e-01
-1.375533124735182078e-01
-1.332221500025718708e-01
-1.370147545157136548e-01
-1.332824117077848758e-01
-1.374794069919245132e-01
-1.330990014980961700e-01
-1.338081614351309678e-01
-1.337664778811409327e-01
-1.358294402466639905e-01
-1.331297267672877371e-01
-1.390449356332548181e-01
-1.409710409099376172e-01
-1.366510201647617162e-01
-1.337629887024471831e-01
-1.415317399674815846e-01
-1.331784611509114757e-01
-1.355310237033744425e-01
-1.341078667598072371e-01
-1.342376938626554939e-01
-1.344011909398468152e-01
-1.308418323923314919e-01
-1.357454157934079308e-01
-1.395882816146867267e-01
-1.397073732177687155e-01
-1.308356299064381556e-01
-1.372612148832725865e-01
-1.394655714771226851e-01
-1.337166933449083217e-01
-1.338418809327130976e-01
-1.452433580432261895e-01
-1.393984047335343757e-01
-1.402558997965750454e-01
-1.396362809259272808e-01
-1.343735751880494877e-01
-1.379171419857367908e-01
-1.453317077385352096e-01
-1.341146983260481651e-01
-1.360292312236781598e-01
-1.332562477439049875e-01
-1.418446605672745164e-01
-1.391095583858479312e-01
-1.338676351577952062e-01
-1.384914716591156836e-01
-1.334774284328801297e-01
-1.345140373503672659e-01
-1.405445167918493166e-01
-1.380499437440201316e-01
-1.364049619795153490e-01
-1.337608449947476075e-01
-1.341702328782203857e-01
-1.380332713380088006e-01
-1.329230105754148905e-01
-1.342372050188018751e-01
-1.357484407948965632e-01
-1.339271709380460695e-01
-1.344865582452938746e-01
-1.349940824338775602e-01
-1.343816589858377597e-01
-1.345115570860198062e-01
-1.341884314534131928e-01
-1.361626655957943743e-01
-1.431451443922600042e-01
-1.383286556548388724e-01
-1.367432958662990750e-01
-1.355416492176078069e-01
-1.340716985919241377e-01
-1.342921551401925484e-01
-1.359590316053620462e-01
-1.401057132285128404e-01
-1.393236653797300661e-01
-1.343270395920868054e-01
-1.355310465189452085e-01
-1.351655480707620871e-01
-1.397198308256852872e-01
-1.367905453047222331e-01
-1.346815307474908963e-01
-1.393656894144585934e-01
-1.437207551638592928e-01
-1.339212608833932894e-01
-1.376116059763585753e-01
-1.340878491098318470e-01
-1.368216620564617347e-01
-1.384635907877624916e-01
-1.361491630030631228e-01
-1.387134592086853857e-01
-1.411677834018256750e-01
-1.400385045816927576e-01
-1.381466350662245990e-01
-1.344920635457469427e-01
-1.343392675552568249e-01
-1.408245057607775408e-01
-1.384605607262880955e-01
-1.341363573125324837e-01
-1.316696673759820690e-01
-1.404532835781402422e-01
-1.341805478054449718e-01
-1.347024210279668122e-01
-1.338413985866104827e-01
-1.345049789198073942e-01
-1.347134229872362088e-01
-1.340188974627027907e-01
-1.362587303907853986e-01
-1.363782007081548731e-01
-1.368199514572876474e-01
-1.358741019951383855e-01
-1.344106956040798106e-01
-1.341025942616358435e-01
-1.400311490974424089e-01
-1.348365758577774187e-01
-1.397058456557054296e-01
-1.354720164979095198e-01
-1.402297747085679003e-01
-1.343379750691302554e-01
-1.397891566687503584e-01
-1.395362567035149937e-01
-1.438597866621109667e-01
-1.418513970306414240e-01
-1.410384095322514408e-01
-1.384226240875652270e-01
-1.400804187418727143e-01
-1.338686629892180679e-01
-1.403045719389990342e-01
-1.353798940350523505e-01
-1.347138882984755259e-01
-1.440955666113519218e-01
-1.418417834881744444e-01
-1.325487238355376185e-01
-1.441165181441748100e-01
-1.349584761167132996e-01
-1.424961861631246496e-01
-1.409028256399418311e-01
-1.352484117979770861e-01
-1.370298448404001501e-01
-1.344017767550622633e-01
-1.401512115664629299e-01
-1.346789243351771415e-01
-1.343298749707131368e-01
-1.346021053287658198e-01
-1.370757249486076468e-01
-1.345144660882300336e-01
-1.400975765628884595e-01
-1.345595129530188228e-01
-1.354100617033369147e-01
-1.341876630114027247e-01
-1.342922308350777971e-01
-1.456773517010245822e-01
-1.342632967578969438e-01
-1.345712166899828421e-01
-1.346197056679061532e-01
-1.419247719279927988e-01
-1.342846015853453867e-01
-1.352599699957861556e-01
-1.344168424199585488e-01
-1.440944727648103552e-01
-1.448664642719685869e-01
-1.384438235241987059e-01
-1.341943100168188074e-01
-1.420247020817859696e-01
-1.344078873196830060e-01
-1.408916284964387700e-01
-1.503582208402802767e-01
-1.383735215496018078e-01
-1.351160032098175368e-01
-1.379941651566725103e-01
-1.390082413413895601e-01
-1.345309444819915434e-01
-1.396462828050240024e-01
-1.409153408588681433e-01
-1.382182412934711557e-01
-1.343760826083182369e-01
-1.341560223457949341e-01
-1.397898199378007078e-01
-1.457260687751864570e-01
