1.119916548877581741e+00
1.093138391252518327e+00
9.191542379031976129e-01
1.150451268268175342e+00
9.384674853310367437e-01
1.140596188874445138e+00
9.717977640398014483e-01
8.924756987591876412e-01
9.636817400172148496e-01
9.952197589173672476e-01
1.046134942971004067e+00
1.028369457703524059e+00
8.136789182177543989e-01
1.109242753593034037e+00
1.023838993458923374e+00
1.059744504178395497e+00
9.804749493498108315e-01
9.449135884079414849e-01
9.903714839463434449e-01
1.083804062513086253e+00
9.086567239202232305e-01
7.988148381415680621e-01
8.638512455424279812e-01
9.015345970616908122e-01
9.948731525281063748e-01
1.041876903463480053e+00
1.022509364660779019e+00
1.143970230023324985e+00
8.255505933152329501e-01
9.120708641269108519e-01
9.069982115515933252e-01
8.206072276066793680e-01
7.820758429444447657e-01
7.733385025939081281e-01
7.168294415411480269e-01
6.322667752871791169e-01
5.823762673228907172e-01
5.003658548501259684e-01
8.170607324965439844e-01
6.110516072058596038e-01
5.754672709424779597e-01
7.268465727086976802e-01
5.056804767508084053e-01
5.712215227579391374e-01
5.459589961892254983e-01
6.675862668994858584e-01
6.518407676391970718e-01
5.314432837372737861e-01
6.640860603281319996e-01
4.940805969599054714e-01
4.351049740026453616e-01
6.261869830130594172e-01
6.696905733160798402e-01
5.061002709101455332e-01
1.060584663245278669e-01
5.476490659526195293e-01
5.135646628264516345e-01
4.749650094001665046e-01
5.215899554603069532e-01
4.404385890096889078e-01
3.806159896650460617e-01
4.661540365413172626e-01
4.308088020253144634e-01
4.133488186346816473e-01
5.056732683075200185e-01
5.889038766107963507e-01
4.596830261645725724e-01
5.968637135404288863e-01
3.062307155316306151e-01
5.248066383454572659e-01
6.182691865342097026e-01
5.291002260935265822e-01
3.615687090625138156e-01
4.850737879463007385e-01
2.930014462745715864e-01
2.834793871975996860e-01
3.273618113846950006e-01
4.600129041262654983e-01
2.779394007167970138e-01
1.215192642647078269e-02
2.736030174514205715e-01
1.881297903557740403e-01
2.520571304283683034e-01
1.676051919779084631e-01
3.347053965785775631e-01
-5.152054415555484823e-02
-1.893884284028479748e-02
1.142640009810835799e-01
2.787076227235667503e-01
8.854380485882129559e-02
-2.033299830383139550e-03
1.918122253802101440e-02
-5.142193528763705501e-02
8.926687828185064788e-03
-5.126691671717420462e-02
1.251230202610217335e-01
-1.427459949759359858e-01
1.634497289028451483e-01
1.970597205662061313e-01
2.446469125748085283e-02
1.499186572787287730e-01
-2.085606172525800162e-01
-1.212791783899880294e-02
4.419189616817087440e-03
3.902048459611051623e-02
1.491434997742079327e-01
1.581132517943589777e-01
1.042015851818558492e-01
2.684243120029383700e-02
3.488257572826387598e-01
3.327243330867257765e-02
-7.003925311665759601e-02
1.039628756336776760e-01
1.037877468552310667e-01
1.927414868383411362e-01
2.470907207704642339e-01
-1.618983582599575755e-02
-6.759770537239817578e-02
1.274629337636936643e-01
3.034057020907404700e-01
2.454648441278775017e-01
2.246131249894245396e-02
7.795278909485703345e-02
6.820887577724144002e-03
1.492796102724126550e-01
-1.000693781756758494e-01
-8.037566866474765703e-02
-3.224912469486440614e-01
-8.231319367130929265e-02
-3.031174267255742905e-03
4.196152256554297466e-02
-3.777946272619847612e-02
-5.720797259306120708e-02
1.388704839279221170e-01
-1.244916069595105590e-01
2.466074775273476849e-01
8.105650377034367970e-03
-4.216351514015670432e-02
4.664962478045597827e-03
3.270769209307496928e-01
-1.263826113121373496e-01
6.916570963377222103e-02
7.727343926198781965e-03
1.406397165482842215e-01
3.399684682656101131e-02
3.344344615169858592e-02
-1.383577409571108419e-01
-1.570868274347816396e-01
1.086159108017037411e-02
8.837892099129351919e-02
7.190442104232674936e-02
3.659125852030442605e-02
-3.574334565837045119e-02
6.979406960825940143e-02
-1.663504422516026704e-01
1.292620282442007440e-01
2.165529868481695930e-01
2.164114928822529205e-01
-1.307875430160279073e-01
-2.694180722567973696e-02
1.834629362077611070e-02
1.624472410529265165e-01
1.387836771579108452e-01
3.915322919832020521e-02
-2.808101757816539035e-02
-5.314699038397874276e-03
1.048000104408941535e-02
-1.990773251821407186e-01
-5.953174445375331025e-02
-2.676146707757376397e-02
5.179398372905419379e-02
5.207547952253799295e-02
-2.947133502127166071e-01
-7.775411289317135655e-03
-4.082012595914474851e-02
6.796545540243414951e-02
1.843637041585588499e-01
9.504903304340761583e-02
-8.604411939515776986e-02
2.668357516389885387e-02
-4.596646249445468513e-02
3.198300169692273043e-01
-2.195838650723320740e-01
3.268217535255097950e-01
4.285145285560042483e-01
3.937010114797524496e-01
9.074653912222041541e-02
7.572724640948624852e-02
5.603910657180533050e-02
1.256413188596351427e-01
2.506797935278645140e-01
2.032456026660309778e-01
-7.247737161644662862e-02
1.539329290510282888e-01
-6.290652657119166768e-02
-2.833026198166632703e-02
6.410420711619524425e-02
2.269618910952366786e-01
2.594037628174064025e-01
-9.628037572439307468e-02
