6.498676070840265773e-01
2.773168176216713743e-01
6.485115799370300138e-02
1.036311836451655477e-01
1.899064237377039444e-01
1.759999077512667265e-01
1.183137604582955582e-01
6.681702778446496627e-02
5.042099143314660026e-02
6.154092168645286520e-02
8.911564870489596668e-02
9.774443342068306340e-02
9.570867735357835304e-02
8.657534305194558577e-02
6.796460062341280750e-02
5.805933454977407759e-02
5.276079312501247287e-02
5.735016789933267134e-02
5.815148165559891336e-02
6.397668809119838595e-02
6.843716135977440107e-02
6.575042783275275582e-02
5.813435399577004947e-02
5.381361282511532007e-02
4.998475842659966251e-02
5.027653356024364140e-02
5.269079805891152546e-02
5.759669136756184749e-02
6.238395493551507354e-02
5.720321897388302990e-02
5.509723074490713302e-02
5.152678749263617242e-02
5.032104406362436499e-02
4.978878714253409665e-02
5.059432262573182459e-02
5.423837174017709373e-02
5.215446122126421447e-02
5.206671429509657223e-02
5.153650013099531080e-02
5.067072062906663454e-02
5.089534756148461625e-02
5.043641915045038449e-02
5.017518210620697250e-02
5.386710390203686138e-02
5.082769983987134310e-02
5.079184683539439416e-02
5.110674246188040559e-02
5.011579133278587506e-02
5.297609940623326796e-02
5.325018824714700116e-02
5.061950198794717970e-02
5.013086887302264927e-02
5.021906416269672491e-02
5.087649762497692407e-02
5.028433322682024365e-02
4.984457373871786778e-02
4.980310692674971840e-02
4.993509814168650696e-02
4.996214468017801114e-02
4.996138992532084266e-02
5.009748054935669881e-02
5.261594373972289240e-02
4.980900771515239800e-02
4.976008129387532453e-02
4.977739928136803993e-02
4.984913030898041608e-02
4.994385271480961119e-02
5.071907133216502217e-02
5.333413740132864067e-02
5.077879231017556894e-02
5.057780770413566884e-02
4.990621641659087615e-02
4.979209492242109292e-02
4.994730963327287387e-02
5.017802513752211979e-02
4.986733403104282036e-02
5.011263848442804036e-02
4.981702092754347611e-02
5.326679316102911343e-02
4.991621376129440346e-02
5.044699508369188123e-02
4.977240184419517988e-02
4.975792928463917963e-02
4.974708623356705051e-02
5.207338842593633998e-02
4.996606083462329373e-02
4.975207173659901283e-02
5.013406341340442829e-02
4.976673026897826535e-02
4.976533492647450263e-02
5.033007907359288158e-02
4.974156860685352566e-02
4.979440884978802995e-02
5.253500557515589087e-02
4.982050038421181881e-02
5.060801474314546855e-02
4.974357688242914133e-02
4.981626455541998677e-02
4.974619400829249916e-02
5.005012501493355526e-02
5.052071987188322399e-02
5.246152731891640109e-02
4.977622966764105872e-02
5.048724201430598857e-02
4.974098941303128907e-02
5.011250595168836863e-02
4.974488947845623343e-02
5.042935851546559434e-02
4.975573994420445789e-02
4.976320245665077913e-02
5.102559770783277049e-02
5.132293262210396723e-02
5.046812458327853967e-02
5.020986887363931839e-02
4.992241897620419699e-02
4.978046283941550687e-02
5.237168706545214381e-02
4.976499542931833719e-02
4.976118308471511043e-02
5.040918562165019878e-02
4.974269617922244535e-02
4.991202364594993224e-02
4.983877609833253786e-02
4.982727185057622687e-02
5.009681469480742333e-02
5.043527257996827107e-02
4.988673399097021122e-02
5.051576020421533197e-02
5.020998674424859143e-02
5.031950399744000713e-02
4.988211820087284920e-02
4.986822840010995961e-02
4.987263019800169950e-02
4.981637734267474471e-02
4.977113236318297940e-02
4.996808039787337119e-02
5.012739131718557672e-02
4.975939537861562290e-02
5.272336141570210799e-02
5.085915675302599137e-02
4.987777438746721081e-02
5.235542254083758174e-02
4.996827378735158032e-02
4.983862845474729131e-02
4.974315758549874289e-02
4.997428991439389900e-02
5.044078781101757336e-02
5.242870884073791427e-02
5.056797020571734969e-02
4.989662648480153173e-02
4.977810751123468158e-02
4.996834249971815467e-02
4.979157074901197078e-02
4.991207703545963437e-02
4.980648549083577237e-02
5.258211058401007776e-02
4.974236567016465660e-02
4.977145548623840288e-02
5.050520506283007194e-02
5.351457177621854466e-02
4.974162786601166175e-02
5.044421355549855157e-02
4.974695097423775803e-02
4.976374379557091387e-02
4.995654870160948224e-02
5.044308624669580077e-02
4.977564943937973219e-02
4.980645477098621932e-02
4.975058673322896308e-02
4.974118739739097350e-02
5.041635364030827571e-02
4.976290164634999957e-02
4.985506390466520887e-02
4.981665652707778502e-02
5.228719632511147353e-02
5.227545686900958444e-02
4.989175594855599360e-02
4.974136072569268485e-02
4.993373667975697927e-02
4.975345315989709860e-02
4.991734079780740796e-02
5.225603771812559195e-02
4.976482524471459445e-02
4.977339719265838625e-02
5.045017720632460900e-02
4.974239423384840819e-02
5.018454877400191361e-02
4.974340250468511915e-02
4.975054055789651652e-02
4.999910743611679642e-02
5.223452994599309118e-02
5.224011739777989494e-02
5.301714450289440883e-02
5.041676433410269276e-02
4.974148071792161563e-02
4.993990893044919499e-02
4.995722822634074411e-02
4.987779220946619851e-02
4.974103709828137099e-02
4.978838209848046592e-02
