9.828444890037727477e-01
9.849412621527127154e-01
9.872247934071863851e-01
9.853339711243880306e-01
9.830184533666816993e-01
9.810786335657490920e-01
9.794320698731795449e-01
9.770926950904413877e-01
9.732711816360859469e-01
9.667303480227626977e-01
9.606177204368374634e-01
9.545438815445808078e-01
9.528699188011099386e-01
9.463447143076084700e-01
9.369940852603170223e-01
9.217900352969985445e-01
9.030309121373405468e-01
8.835013247263686642e-01
8.576570142783860318e-01
8.265567818101113851e-01
7.937175989832483403e-01
7.581547774174779430e-01
7.168650163330876346e-01
6.733063012910267542e-01
6.307285771416615283e-01
5.965199765659532360e-01
5.661483027045981498e-01
5.454328709216265114e-01
5.311115692072508887e-01
5.220638572663823807e-01
5.155096690440974516e-01
5.108004804614095784e-01
5.079444538694608546e-01
5.062119212603661822e-01
5.048832346466641807e-01
5.039127988057517937e-01
5.030629707514908677e-01
5.028361272973238538e-01
5.025814497135063785e-01
5.023316968572030250e-01
5.021182990829005099e-01
5.019346068745699219e-01
5.018213101313154789e-01
5.017511730904000711e-01
5.016971674265500170e-01
5.016542734481517218e-01
5.016014191008444367e-01
5.015565468900933244e-01
5.014838122822176114e-01
5.013783717840869514e-01
5.012837223731942959e-01
5.011999544350365099e-01
5.011050156003908906e-01
5.009950957266560145e-01
5.008726830507408412e-01
5.007894048726184710e-01
5.007316213573351771e-01
5.006947837086270781e-01
5.006626470385804328e-01
5.006191092804174181e-01
5.005811931642987211e-01
5.005460201698788136e-01
5.005126282999030618e-01
5.004851908889857981e-01
5.004606190401438282e-01
5.004500600687007417e-01
5.004407760583921005e-01
5.004280778585288303e-01
5.004293956719001457e-01
5.004121310133903267e-01
5.003909056430531077e-01
5.003695737535802657e-01
5.003480189770856956e-01
5.003274251478209145e-01
5.003206815583731704e-01
5.003196288701515781e-01
5.003024385440064670e-01
5.002818649842147858e-01
5.002699692633789663e-01
5.002679505987468467e-01
5.002790474712930369e-01
5.002861997340511957e-01
5.002892105260096089e-01
5.002916196422436679e-01
5.002933246579224225e-01
5.003007895593323262e-01
5.003497887729841942e-01
5.003979112289127507e-01
5.004446831755436920e-01
5.005039958475259176e-01
5.005596734601537312e-01
5.006274436775614012e-01
5.006825096379718953e-01
5.007341860070672057e-01
5.007808739944972221e-01
5.008393736509684224e-01
5.009670938899484227e-01
5.010909283501576716e-01
5.012446398054166696e-01
5.013977130461069187e-01
5.015441792404956578e-01
5.017531364675862360e-01
5.019540647378442078e-01
5.022192543482189020e-01
5.025658610557030004e-01
5.028952400139075074e-01
5.032170798434689729e-01
5.036033787530120875e-01
5.069974002057897611e-01
5.119769837151877390e-01
5.191873550879593235e-01
5.277866715798298358e-01
5.375168149215927560e-01
5.473787603807236390e-01
5.562877131847498990e-01
5.627092486405589344e-01
5.676659326400644856e-01
5.717117955046020494e-01
5.741954866416676406e-01
5.738935772942262981e-01
5.717174095543582357e-01
5.709436249402523034e-01
5.685773154269592178e-01
5.657333679824259054e-01
5.617094086727991709e-01
5.560384518784350361e-01
5.537939123101826011e-01
5.508628704841351809e-01
5.489994417963361961e-01
5.481421264489811929e-01
5.460159055498911007e-01
5.598653252940091196e-01
5.744304499106341888e-01
5.882627849129011821e-01
6.037500928569352610e-01
6.194972954668147569e-01
6.325219973914010252e-01
6.391480298294140994e-01
6.444393472788663146e-01
6.482310552015941862e-01
6.459302563131462671e-01
6.434738672486886024e-01
6.368379864755235875e-01
6.237778338970945136e-01
6.080304006101484582e-01
5.967742039388950204e-01
5.842259661949757987e-01
5.725045486178488297e-01
5.608760005082515931e-01
5.499445900722574887e-01
5.401360002675170691e-01
5.319373075341597978e-01
5.261921049441280474e-01
5.218369176445216695e-01
5.178522436459684908e-01
5.190075827710034506e-01
5.196456801427720151e-01
5.215970402010770002e-01
5.237305149684151617e-01
5.254860675463345343e-01
5.268333904317942240e-01
5.273177828014148361e-01
5.267942810219676808e-01
5.251879712969211855e-01
5.230497491344352490e-01
5.211253196894545248e-01
5.239799489907335239e-01
5.268541860930632259e-01
5.292534482859638789e-01
5.306246277577255643e-01
5.314144524581618789e-01
5.325678068986958724e-01
5.332200359814868174e-01
5.363816749769310110e-01
5.389196678867022028e-01
5.402831753040416851e-01
5.412556903450587154e-01
5.408579812600300407e-01
5.419155514621378789e-01
5.416352800977639603e-01
5.445123799613875715e-01
5.453847636213768890e-01
5.460155025419508590e-01
5.426146753583909188e-01
5.356520646032012500e-01
5.318801036849134523e-01
5.302946782390525193e-01
5.272475089392369973e-01
5.247757922484591608e-01
5.223837520925590505e-01
5.218944146052721944e-01
5.211424373598965154e-01
5.202020388018654407e-01
5.196620531596599646e-01
5.191120280735753711e-01
5.179896512598174407e-01
5.161275417704680457e-01
5.137966926028292303e-01
5.092584953943161130e-01
5.057641935175358761e-01
