9.938541213544210828e-01
9.961381477300980114e-01
9.951358725973216135e-01
9.936087615048784238e-01
9.887119461333782056e-01
9.827451183036267635e-01
9.746548102098147037e-01
9.612092212606287989e-01
9.418017036440167189e-01
9.128402098437990997e-01
8.711940504990343115e-01
8.169070376801947919e-01
7.517611373843193778e-01
6.900172486407684103e-01
6.319380977817609102e-01
5.849608992000687735e-01
5.531782740573794044e-01
5.320879216415939084e-01
5.190677473132984110e-01
5.112419810990914693e-01
5.100086186930583576e-01
5.087893796446455452e-01
5.075359369490459738e-01
5.065225605345793358e-01
5.057272246663817583e-01
5.052095608853162112e-01
5.046360284770230464e-01
5.040882241078401549e-01
5.035595069032694493e-01
5.031324500768281638e-01
5.027568564644839810e-01
5.024752460079504601e-01
5.022743313590287695e-01
5.021211138667400764e-01
5.020165182644200641e-01
5.018721760432516277e-01
5.017409709858442479e-01
5.015918382390031072e-01
5.014516075207805512e-01
5.013475385537156104e-01
5.012985442315425200e-01
5.012418118873077644e-01
5.012124813367939691e-01
5.011753742961457814e-01
5.011295174464689417e-01
5.010700088309623101e-01
5.010031172986610937e-01
5.009709260064425518e-01
5.009259231697424930e-01
5.008966239047007996e-01
5.008537850513890000e-01
5.008138178020689057e-01
5.007905937658634343e-01
5.007716053367685660e-01
5.007356439346930532e-01
5.007878651133970127e-01
5.008340681506421310e-01
5.008821816816888539e-01
5.009239648805909884e-01
5.009624231279157236e-01
5.010399167281996968e-01
5.011006337425194523e-01
5.011301371530446636e-01
5.011274908860203769e-01
5.011093644074053888e-01
5.010897219386630796e-01
5.010573676711087554e-01
5.010331688869071876e-01
5.009701563308832650e-01
5.009046211310570484e-01
5.008474807612411928e-01
5.008058942792050772e-01
5.007427535491151271e-01
5.006966302779927158e-01
5.006391960430760513e-01
5.005905977260158846e-01
5.005331954319944820e-01
5.004991646534713290e-01
5.004946827673906196e-01
5.005029010134856016e-01
5.005162034646044589e-01
5.005250322201930668e-01
5.005511454057253173e-01
5.005818205123521158e-01
5.006017623062543054e-01
5.006302075006026087e-01
5.006755032481706724e-01
5.007084450251590990e-01
5.007372913376753054e-01
5.007471770849216686e-01
5.007576471067346491e-01
5.007640318984650785e-01
5.007691808278988965e-01
5.007622684441122018e-01
5.015331073111822802e-01
5.028601121017163278e-01
5.049175650655419734e-01
5.080401489920562952e-01
5.117327816339878321e-01
5.170842751809729965e-01
5.227984426376541816e-01
5.274460530266595892e-01
5.300635881762284507e-01
5.324385505359113813e-01
5.342420002892815933e-01
5.352706456673872459e-01
5.363007259566732188e-01
5.355696630201935982e-01
5.355806525937337748e-01
5.347433976468952688e-01
5.332105026754704324e-01
5.312609772640719541e-01
5.285138195197551791e-01
5.266250067413867919e-01
5.314392515890459245e-01
5.354766796317569355e-01
5.388410714714134686e-01
5.408586780129606142e-01
5.481381496465467240e-01
5.538199575070485992e-01
5.603594042151689436e-01
5.641484249975019516e-01
5.682686121750311070e-01
5.716125303095542787e-01
5.714865395213554189e-01
5.704005061939401156e-01
5.722018867413432019e-01
5.690155080439720514e-01
5.625778128861007588e-01
5.556481200097167505e-01
5.492681185281719225e-01
5.447217630820264667e-01
5.400346759171974487e-01
5.345468549225869115e-01
5.305421191722996532e-01
5.272918887576893976e-01
5.243095477950169281e-01
5.218238449018797187e-01
5.188985931955187869e-01
5.159014567145181474e-01
5.132341524562151758e-01
5.115224459458069806e-01
5.101244015449494240e-01
5.090256148825867966e-01
5.078906110847942745e-01
5.070420407872350266e-01
5.064424845206874082e-01
5.059491245881638788e-01
5.055057031537818490e-01
5.054676058766602864e-01
5.053744581585645212e-01
5.053502932348130638e-01
5.052345927009056492e-01
5.050822638739111969e-01
5.049276050088451484e-01
5.048938659671096119e-01
5.047442333424938532e-01
5.046500293200072429e-01
5.044528039510174366e-01
5.043568267895026658e-01
5.042491047109343150e-01
5.041395417882288399e-01
5.040477527953166614e-01
5.039328338927110407e-01
5.038905920024883134e-01
5.037327011979966240e-01
5.036019090955698996e-01
5.035767207980182958e-01
5.034957976332438134e-01
5.033807120909904453e-01
5.032361636485946921e-01
5.031862808876084170e-01
5.031081641099013346e-01
5.029820219713749818e-01
5.028563716470140221e-01
5.027828856728584483e-01
5.027763850762646536e-01
5.028756149090534144e-01
5.029938121311531285e-01
5.030985797230380641e-01
5.032178758100355198e-01
5.033896847329424329e-01
5.034998650861510772e-01
5.037023634787509696e-01
5.038254575077898423e-01
5.039866668597200450e-01
5.040944177816815142e-01
5.042469176685496768e-01
5.052198120322382024e-01
5.062209418900585067e-01
5.072874585923856650e-01
5.083287465667742921e-01
5.096868937686066525e-01
5.111279267460177023e-01
5.119077898332455856e-01
5.123441162234643187e-01
5.128077128705800236e-01
5.133172758503778965e-01
5.153811557220565609e-01
5.175349115352617657e-01
