5.388933771661941208e-03
6.044162486963200465e-02
7.941645869052316176e-02
3.530852824618424535e-02
3.325075813274680492e-03
5.147609367844308004e-03
2.230200456358144567e-02
3.133776214101879898e-02
2.629870138683365610e-02
1.368606180232923020e-02
3.216741582624194074e-03
5.779390700281217264e-04
5.065823444207473436e-03
1.080970123279745287e-02
1.219849380109228054e-02
9.052584562357801623e-03
4.191506539241385276e-03
8.742738742144595676e-04
7.165950330507708799e-04
2.789371943597629411e-03
5.041244073514916657e-03
5.820010431070277157e-03
4.744833269267001441e-03
2.677813180951282845e-03
9.138710432448071685e-04
4.331135846468159301e-04
1.236274042581420041e-03
2.447083200125099722e-03
3.032849083481670149e-03
2.605327754353958802e-03
1.558773186340012273e-03
6.557178782707895337e-04
4.205863990076608161e-04
7.924728414110404628e-04
1.350224290204926625e-03
1.635072650539970418e-03
1.459659055102147107e-03
9.848895110599054092e-04
5.485131518535579787e-04
4.137730054781796341e-04
6.001914994999690833e-04
8.895316070655079344e-04
1.021945642332933168e-03
9.022219475749437834e-04
6.467837315516922203e-04
4.471170425210946320e-04
4.225386321499158271e-04
5.444864348964628675e-04
6.827868744861964601e-04
7.192565915452586722e-04
6.323768549516550763e-04
4.970740664854700341e-04
4.149091897538426110e-04
4.354191079992686397e-04
5.171116092909100459e-04
5.755472430640784509e-04
5.599133353473284558e-04
4.912278603992348280e-04
4.265149493231090716e-04
4.127521505821185599e-04
4.487965838992913348e-04
4.921092453300524028e-04
5.008748149920583259e-04
4.680237663842179430e-04
4.270735400746517030e-04
4.104058565145285442e-04
4.250496052938812497e-04
4.457673293010167015e-04
4.451739962680889562e-04
4.297349078856704807e-04
4.149691015359335822e-04
4.107460548515851073e-04
4.200072578274260948e-04
4.331662326658713980e-04
4.360778487305649875e-04
4.269064497968155791e-04
4.148079243079250134e-04
4.106005272896950942e-04
4.166656674738922206e-04
4.240077813461029521e-04
4.248388831629146267e-04
4.186610246962318982e-04
4.119744772809186273e-04
4.106642819295958091e-04
4.171956944587495997e-04
4.220660837004341914e-04
4.237946614559229275e-04
4.210610455819274733e-04
4.144301342849932013e-04
4.104950114028893537e-04
4.120773103321040409e-04
4.161483431189827442e-04
4.177632962636401714e-04
4.146018909736426394e-04
4.110674746661269197e-04
4.106678499464777587e-04
4.131563005606020411e-04
4.149171832578124608e-04
4.142757702539912046e-04
4.119016685910636966e-04
4.104697524872635839e-04
4.109706134111101861e-04
4.120330959231921497e-04
4.132003375332260475e-04
4.125321912740176344e-04
4.111234743157110572e-04
4.106227453729571764e-04
4.127116534472508036e-04
4.142177502216570772e-04
4.127940154204923218e-04
4.109825783925602494e-04
4.104525467789610360e-04
4.115401877380353568e-04
4.131712883508331657e-04
4.123661013648582951e-04
4.107283344423340310e-04
4.106023451273532743e-04
4.117442358226863774e-04
4.123881055642097948e-04
4.119414168338719762e-04
4.111078365319764671e-04
4.103763851885933178e-04
4.106027767074582613e-04
4.111446482164549110e-04
4.113278961652699905e-04
4.109655069869377897e-04
4.106331161611853631e-04
4.122055947470837367e-04
4.134445863058777704e-04
4.127831252107583282e-04
4.111975148022306570e-04
4.104587899222966740e-04
4.105799842121227172e-04
4.111097592676138390e-04
4.115094371189842448e-04
4.110810907391737601e-04
4.105512438085101579e-04
4.104124458161884093e-04
4.106786736066680987e-04
4.108348060452016171e-04
4.105046178906057719e-04
4.105730860131107107e-04
4.111067080668773244e-04
4.113292258247636113e-04
4.105497130224566860e-04
4.104700402048910846e-04
4.110059844302238474e-04
4.111749414581478135e-04
4.109580385571742767e-04
4.105748150668997454e-04
4.104524606308723733e-04
4.105011097992328217e-04
4.104892569688489701e-04
4.106446004745745171e-04
4.106779990706854733e-04
4.105801160797506455e-04
4.104583250758020441e-04
4.104286254101863207e-04
4.105076556513154173e-04
4.105445243053340576e-04
4.104946027670974829e-04
4.104309390606797336e-04
4.104022670974316611e-04
4.105469113928617020e-04
4.104579113901607457e-04
4.105247051278126946e-04
4.105814302461929799e-04
4.112731417595938410e-04
4.114889710221669716e-04
4.110051056483987608e-04
4.104512681926131279e-04
4.104414275478696084e-04
4.104606836641266909e-04
4.104357663974322890e-04
4.104437194050181148e-04
4.104613823816549711e-04
4.105012879473957099e-04
4.107136133090216745e-04
4.107136578264114490e-04
4.104948051942836074e-04
4.104222788527955856e-04
4.104862331929526320e-04
4.103747394134105164e-04
4.106416464961792911e-04
4.107951187337643972e-04
4.106244482499077364e-04
4.107640389564570782e-04
4.105502691200690890e-04
4.104705804415242909e-04
4.104477416252416688e-04
4.109384172988894690e-04
4.109607294267014765e-04
4.104916439883199430e-04
4.104459777246605157e-04
4.106755476801504656e-04
4.104565835958418063e-04
4.103817096435813383e-04
4.104436849623471772e-04
4.105376233620727788e-04
4.104473772631456185e-04
