6.580960009194301019e-01
3.858041228350381768e-01
1.712429347256985146e-01
6.639246711594060102e-02
8.541730159128746447e-02
1.452709693052212092e-01
1.534437144228649741e-01
1.174435612302130449e-01
7.895495581110834049e-02
6.073383481632577130e-02
6.395202240279207473e-02
7.706915536153247093e-02
8.988503544840598103e-02
9.085127398381165342e-02
8.371707896348867806e-02
7.300308530704702203e-02
6.363871748761174008e-02
6.005070510999099831e-02
6.130394567871166878e-02
6.926753043353750527e-02
7.259960801854992152e-02
7.083634106275271680e-02
6.742493249622749651e-02
6.287116723672314667e-02
6.032757093833973627e-02
6.038948884864159261e-02
6.170230844351465294e-02
6.424561400330386363e-02
6.565833435734313994e-02
6.584579613818108967e-02
6.307420253681672584e-02
6.311998474795232905e-02
6.065712974073333985e-02
6.030092395900021884e-02
6.059211611222647953e-02
6.236727424039967271e-02
6.229215685773903388e-02
6.185347935927099083e-02
6.109749741606151918e-02
6.036890753549950528e-02
6.008021741556579531e-02
6.023513120559076395e-02
6.054742274424318449e-02
6.090024493633416913e-02
6.190835677173811558e-02
6.083113475781554147e-02
6.061338539519245394e-02
6.074143040639645719e-02
6.018293246463979340e-02
6.029371419665441323e-02
6.040634636595920703e-02
6.189113444860483426e-02
6.053808772451363396e-02
6.043376345973627828e-02
6.018553542200255624e-02
6.010519294777139088e-02
6.017985306956741276e-02
6.032255100658401314e-02
6.039463390831434353e-02
5.912134753102327167e-02
6.012429875270686175e-02
6.014039923527580989e-02
5.886696131703816892e-02
6.058569973759508898e-02
6.010486548514004657e-02
6.044752364915528808e-02
6.030407900692025258e-02
6.015613516650342163e-02
6.013096918537963465e-02
6.033232080351369486e-02
6.006897509344666375e-02
6.038109155908810699e-02
6.024649169328166742e-02
6.011215699439897975e-02
6.095892028551330721e-02
5.994146845884940067e-02
5.932456220702619909e-02
5.890276965638163720e-02
6.020807592165089428e-02
6.028826857612545886e-02
6.010619728305688358e-02
6.012870448182627836e-02
6.015371922448342623e-02
6.033961761642647748e-02
6.016270119152467011e-02
5.927090127985168433e-02
6.021342844249888415e-02
5.961848696901517197e-02
6.005181182508456672e-02
6.053186197461857265e-02
5.968706886245156440e-02
6.006720738729365294e-02
5.982990939064902758e-02
6.018245176712355704e-02
6.041461372348222447e-02
6.030673361374827568e-02
6.005396150993869142e-02
6.018862343725528419e-02
6.026303260369303416e-02
5.960537653150221882e-02
5.975993514814403884e-02
6.040253094565373182e-02
6.016545781493642941e-02
5.970776582720072057e-02
6.006560559949036815e-02
5.959849501598413202e-02
6.008093335658526435e-02
6.002562777292619334e-02
6.020512654686371867e-02
6.010291111765031502e-02
6.010519313105089356e-02
5.967816275542248139e-02
6.005307168863427414e-02
6.005311245635480688e-02
6.021565308360432578e-02
6.013498207160172804e-02
6.008859085329365524e-02
5.889769661358568165e-02
6.017425021026856502e-02
6.055825914365475793e-02
5.966195072286528678e-02
6.014028201185128708e-02
5.885529952948886923e-02
5.969971793190609333e-02
6.159828900617303482e-02
6.159934407630285325e-02
6.020712768218383637e-02
5.878576911043476017e-02
6.058431415929055319e-02
6.025301879010347417e-02
6.046442905492621644e-02
6.005125491346630096e-02
6.018729921650711745e-02
5.955210868527027746e-02
6.009305475671633534e-02
6.005252324968080035e-02
6.007734897693040033e-02
6.016952259932251135e-02
6.015691011885138106e-02
5.876081328376203672e-02
6.068007163238409163e-02
5.949685837927798371e-02
6.005343861985490417e-02
6.038887839664819346e-02
6.016033737103554380e-02
6.005066440795192584e-02
5.873147848896576040e-02
5.874456169296360386e-02
6.000541961640748490e-02
6.013545440888490301e-02
6.034708901021934579e-02
6.057363437387552896e-02
6.041042738753388264e-02
6.013648220268241751e-02
6.012982880584527567e-02
5.946990211392855219e-02
5.880875195956791757e-02
6.005668698223065594e-02
5.881436615455515327e-02
5.955706243990077642e-02
6.019625686039886681e-02
6.160389241809927086e-02
6.025324130687692570e-02
6.005354630273118666e-02
6.007166384220608002e-02
6.180791957372933076e-02
6.010418791015037510e-02
5.890891514848928256e-02
6.012450836410410115e-02
6.016052986652897783e-02
6.005419737516148881e-02
6.056672771547122469e-02
6.005137654671444114e-02
6.077566339826556696e-02
6.014704086546007744e-02
6.019231638408084617e-02
6.028782818669298216e-02
6.019093698893074329e-02
6.065117397680619415e-02
6.135592893015229254e-02
6.030642544769226898e-02
5.869685196999929744e-02
6.154202717120627053e-02
6.009291899658564251e-02
6.021494853550168891e-02
6.013444501731446401e-02
6.006225299277789809e-02
6.024702262918224527e-02
5.938989477813771956e-02
6.019155772288176109e-02
6.041841561023741924e-02
5.867557800784450883e-02
6.013644780136839785e-02
6.010189875762605993e-02
6.007648820214395169e-02
6.179198208044023310e-02
6.008372664575734046e-02
6.016833702871171585e-02
6.006637030051620307e-02
6.167216489119420331e-02
