3.343504106341882443e-01
1.144257278528265642e-01
4.523620576186715425e-03
4.109212809418594237e-02
1.560640337138974321e-01
2.074386006978897745e-01
1.768166851976886722e-01
1.081477195486552079e-01
4.553437849899777401e-02
9.878221867060110739e-03
4.196508450885483299e-04
3.554966378803703364e-03
6.282214072660385895e-03
4.392242100939691696e-03
1.004086055129138622e-03
1.417307022130165350e-03
9.212321993441241474e-03
2.459066502571360946e-02
4.302208644318750164e-02
5.659529536315766052e-02
6.032193693940801626e-02
5.408636432775892899e-02
4.126413087985159045e-02
2.710000790715494379e-02
1.563620000021104239e-02
8.050248547175176128e-03
4.041410708112369576e-03
2.433286025164127508e-03
2.101339569390292539e-03
2.864371052965108966e-03
4.925887960063213278e-03
8.807149923610757547e-03
1.442737924243042702e-02
2.093626037689977348e-02
2.700028391685393991e-02
3.070678347503252859e-02
3.118260447048337713e-02
2.862531567513026953e-02
2.406050386667069052e-02
1.889810845506367798e-02
1.429579158848803822e-02
1.085016969449792423e-02
8.733343831883511044e-03
7.852235544085095498e-03
7.997918288081384830e-03
9.156103938362969430e-03
1.108449042208869972e-02
1.346382098149567774e-02
1.616850983398265829e-02
1.869738839529455632e-02
2.051636947539836608e-02
2.104572716609109939e-02
2.044542987756514663e-02
1.896704872286958388e-02
1.702623199859931713e-02
1.506998827999650459e-02
1.344909674947825096e-02
1.237336360659502255e-02
1.192572946619929741e-02
1.208031354457783646e-02
1.274243534511254605e-02
1.382953919427809542e-02
1.525715693295726094e-02
1.645161435116793136e-02
1.735125453130870188e-02
1.778067439135100347e-02
1.767921210162282097e-02
1.705819669520780568e-02
1.610834090616675152e-02
1.512205958442247589e-02
1.429592659477540995e-02
1.376688010493754000e-02
1.359845448582130967e-02
1.378701821602745792e-02
1.414918105981410879e-02
1.481875074112726232e-02
1.533912936231840440e-02
1.610147796058380987e-02
1.664230449215098329e-02
1.685433852984175029e-02
1.671487802685001078e-02
1.628814503755748877e-02
1.570096405720078359e-02
1.510043278649420007e-02
1.461701835865880650e-02
1.446971524423346089e-02
1.452372921428402019e-02
1.485631166893164323e-02
1.526763817096199460e-02
1.566048265462438582e-02
1.606122013919975000e-02
1.625944996018957589e-02
1.634461511753548812e-02
1.618506582788536985e-02
1.584287531294159557e-02
1.539280433819623095e-02
1.497773471473906604e-02
1.468937789235069680e-02
1.458032961933164451e-02
1.477493967077081471e-02
1.520655626423716988e-02
1.563382740744712063e-02
1.595185464820425558e-02
1.621917378308168622e-02
1.624159974159422593e-02
1.616499099044266252e-02
1.588756084698961235e-02
1.542950787748076369e-02
1.499742252154590005e-02
1.469504893507278531e-02
1.458220243448360431e-02
1.479685214657400216e-02
1.512905757981919397e-02
1.548602193004111616e-02
1.577234245165892723e-02
1.591862482358408215e-02
1.589686199476880724e-02
1.590813267133928122e-02
1.576587048981614725e-02
1.552365869284011435e-02
1.539766293505573369e-02
1.526725124645000875e-02
1.534999414837567855e-02
1.556262091852478324e-02
1.591614212749292712e-02
1.620645478801063799e-02
1.622741008430828025e-02
1.619537534375425913e-02
1.575354173102971878e-02
1.524205011255497233e-02
1.481297958668281733e-02
1.457433775473082616e-02
1.457171668891066307e-02
1.493621225893071447e-02
1.538441998587392057e-02
1.578120886731315675e-02
1.601262531459790583e-02
1.602274485659571646e-02
1.582903216044417860e-02
1.572408549085546614e-02
1.596350996030249103e-02
1.616438964438882131e-02
1.610582062674204007e-02
1.582669910468414987e-02
1.543159981151820404e-02
1.505032472922984699e-02
1.493017442336552758e-02
1.508098661052181821e-02
1.520981318807335114e-02
1.528027418290445194e-02
1.536054660136987327e-02
1.524417269998157298e-02
1.516708088957396949e-02
1.514820696794727528e-02
1.518913140680744345e-02
1.545110357639489784e-02
1.610371114855713159e-02
1.645706071388630676e-02
1.638024207640531582e-02
1.617014055518728455e-02
1.571345944349944457e-02
1.544204409571470205e-02
1.516409865556178627e-02
1.496907584087558973e-02
1.491074634952316291e-02
1.533513246208850767e-02
1.572346516575473530e-02
1.620422346931826851e-02
1.635101333375033050e-02
1.614122930046935078e-02
1.568315963352329145e-02
1.515974027294220150e-02
1.475204445174771450e-02
1.457936509904711464e-02
1.467417870576748218e-02
1.498151530232250117e-02
1.538212715847719902e-02
1.573185200796956007e-02
1.571352589327723592e-02
1.515063599425159335e-02
1.471335236099780008e-02
1.482818838557664609e-02
1.546392437874555270e-02
1.599497069326205612e-02
1.614309680275538561e-02
1.598712376609356944e-02
1.561383587916775895e-02
1.518185837484353762e-02
1.496218585650688215e-02
1.489643084587399802e-02
1.499230979887411497e-02
1.548649040200422711e-02
1.588457030026568795e-02
1.604394419700916341e-02
1.592464484697153626e-02
1.589643697995457572e-02
1.566159717049842026e-02
1.533032213821017287e-02
1.503527235698620679e-02
1.517312476749566041e-02
