5.599442367129583431e-01
3.649915146068224425e-01
3.118713462573279305e-01
3.454284476067457366e-01
3.615321255185253158e-01
3.406937526424057561e-01
3.162941702998033344e-01
3.124073362990388292e-01
3.164467564918120868e-01
3.209812939164234935e-01
3.265864417040247325e-01
3.293847118248232064e-01
3.188347875199372128e-01
3.136337292556951040e-01
3.103963592373140123e-01
3.128554541250667675e-01
3.170869541076999365e-01
3.210218390918232467e-01
3.191922639457270838e-01
3.085943213337839497e-01
3.174895673895308246e-01
3.096351271509424352e-01
3.117796603992455395e-01
3.100047945979664821e-01
3.174757240471006714e-01
3.124433675457072290e-01
3.138009979399621896e-01
3.138769204607160246e-01
3.102296567289638540e-01
3.114767346009899018e-01
3.091107789632622227e-01
3.151839390300500421e-01
3.166972985433829102e-01
3.146549264426723447e-01
3.138787570190227916e-01
3.144437522421742459e-01
3.178702140441955759e-01
3.095754439045523831e-01
3.078101586256937194e-01
3.132820822650476122e-01
3.100443169973631230e-01
3.092580401728770578e-01
3.107881726548200607e-01
3.096284017962542823e-01
3.126816323656700369e-01
3.125456356453532036e-01
3.158470525262484507e-01
3.160138687179292472e-01
3.094021068973895616e-01
3.109356278681457697e-01
3.075720120028373472e-01
3.108138624690133245e-01
3.075174390864690022e-01
3.068694136993922461e-01
3.100450211955992907e-01
3.104873656266898818e-01
3.037068096883399626e-01
3.123267971249233943e-01
3.088626096391331455e-01
3.131493539756207145e-01
3.158220584981967782e-01
3.083046965898625924e-01
3.064119458930840700e-01
3.104077678982565258e-01
3.092893451010273465e-01
3.166796185096211191e-01
3.106816116610272571e-01
3.066931982701166515e-01
3.100896213406681978e-01
3.102442029333346563e-01
3.150245083413200087e-01
3.157921470453679547e-01
3.052675641313220556e-01
3.152085563663566958e-01
3.079508090332875314e-01
3.135066021735954944e-01
3.163718432583249029e-01
3.122560966440702801e-01
3.173179618206383168e-01
3.109286753147361138e-01
3.087778779638604698e-01
3.104392774438119451e-01
3.157895367104859297e-01
3.128465410578354922e-01
3.158187492809624297e-01
3.158259638941531833e-01
3.103587246669873290e-01
3.143285788097202049e-01
3.035884818661008788e-01
3.136744640611113244e-01
3.088853206900915582e-01
3.083973098450024652e-01
3.163556598693250121e-01
3.173028957413456252e-01
3.087446895238928901e-01
3.072916071147051564e-01
3.114154538443472120e-01
3.109038489456799059e-01
3.137918428046083674e-01
3.143295231186451488e-01
3.122865382902942910e-01
3.153096623431014267e-01
3.123048262893146632e-01
3.129376783632052961e-01
3.046349660003303539e-01
3.170910756289377908e-01
3.113879993367382193e-01
3.138503973393954594e-01
3.152665011872950451e-01
3.107884578661663788e-01
3.092586431934214453e-01
3.111303248744061722e-01
3.094874062237148449e-01
3.107838628384793633e-01
3.151923890670034201e-01
3.109437486812841600e-01
3.124079658040415097e-01
3.092279404308202473e-01
3.101758167240632469e-01
3.159459031789814132e-01
3.114222268691597684e-01
3.118817115293062159e-01
3.138512819315047997e-01
3.123107591908840242e-01
3.154099317709908590e-01
3.123451196327269308e-01
3.123308740369591385e-01
3.170799697578553511e-01
3.137631941936782631e-01
3.107027250263800777e-01
3.152479633865797881e-01
3.136643486001555736e-01
3.143642131121572314e-01
3.138764145992272159e-01
3.122480957567629334e-01
3.098988465690414307e-01
3.098531645822134584e-01
3.162676519409711728e-01
3.121872532498096708e-01
3.104481223601226469e-01
3.117366516493472739e-01
3.109656587205614775e-01
3.087896340857060329e-01
3.057868461006013616e-01
3.072100613095704036e-01
3.087647975166213365e-01
3.067411514937529171e-01
3.111518895177078914e-01
3.072990908013385480e-01
3.108107300978630860e-01
3.123256385813956149e-01
3.052446401013483301e-01
3.058084202939302942e-01
3.143930946566222406e-01
3.051410808268113506e-01
3.142921760892692928e-01
3.050450818712049372e-01
3.092103486001340773e-01
3.142511973928006075e-01
3.117770184811962109e-01
3.126491157469355464e-01
3.107319103181436226e-01
3.123037157531527441e-01
3.105259487161575738e-01
3.157977914536621578e-01
3.120747517656048409e-01
3.143448044398781116e-01
3.120479812272349829e-01
3.158546889631985710e-01
3.112961382115213560e-01
3.153590880592102019e-01
3.144181847370515204e-01
3.030404219992886006e-01
3.158765385733123265e-01
3.108817620075998711e-01
3.109405473419585286e-01
3.105522358083362411e-01
3.105924782606234169e-01
3.107733709901556729e-01
3.142493991677787202e-01
3.036325213006330070e-01
3.085167253021137146e-01
3.087570212317410911e-01
3.153278651821637135e-01
3.105037032963542387e-01
3.158309904337547325e-01
3.062447811400781372e-01
3.019767389605185759e-01
3.102185527365466378e-01
3.156564761063697100e-01
3.140847640086424919e-01
3.095406568566203553e-01
3.103830221449398463e-01
3.111716018811140350e-01
3.078178176960412182e-01
3.152751035010777914e-01
3.099896811252510487e-01
3.170215589603793127e-01
3.143481182025799070e-01
3.025009778995307874e-01
