3.343493994650786894e-01
1.155236108275587981e-01
5.641337298509685461e-03
2.644286537117124247e-02
8.110424459199250258e-02
8.459448120569468266e-02
5.060137147082921505e-02
1.538050252854394895e-02
6.200060053542788552e-04
7.140048743249027829e-03
2.380841571203651252e-02
3.610822150419146226e-02
3.686064956098800138e-02
2.866001747898339058e-02
1.652147840388007438e-02
5.693531267430884668e-03
5.864182756722957635e-04
2.010869341466769988e-03
6.518789039434147448e-03
9.481604778827312785e-03
8.570842935952560637e-03
4.996772811932226332e-03
1.653157431155460877e-03
4.171072635956729613e-04
1.681438466188955871e-03
4.392504134554053863e-03
6.776641208169675856e-03
7.761875435653431410e-03
7.080234400042462184e-03
5.132764319192628655e-03
2.847642035589958986e-03
1.095429222569999084e-03
4.252981259466048769e-04
6.655442905409980625e-04
1.212293811830411627e-03
1.444693013691766836e-03
1.189786635819367611e-03
7.021378725335924997e-04
4.208260342706271473e-04
5.969637580495179563e-04
1.206796119751385454e-03
1.967377580326945541e-03
2.518270778622766493e-03
2.621309385537506920e-03
2.294311676200644357e-03
1.684145344581833292e-03
1.073135184748608140e-03
6.470957927648957053e-04
4.485907199390792854e-04
4.163721468760650524e-04
4.353271058371577240e-04
4.296962450688335267e-04
4.150773580773314819e-04
4.589947816067141417e-04
6.112209614992369922e-04
8.546341281190361627e-04
1.107156073185899814e-03
1.269655247981171797e-03
1.281553481099928504e-03
1.165035608292730451e-03
9.630704265338740910e-04
7.518533691088791215e-04
5.819358076851743888e-04
4.950520017773518688e-04
4.588360668265067943e-04
4.540574909364103462e-04
4.749457861281669580e-04
5.292110067323108069e-04
6.215811557246375685e-04
7.373373739507638192e-04
8.447026014054559440e-04
9.088390160965076348e-04
9.100974500185765592e-04
8.532249325111651572e-04
7.788354541258257768e-04
6.928969953835517614e-04
6.417497390813764468e-04
5.849842717929876201e-04
5.531560318606798532e-04
5.451464241853498649e-04
5.589133880938845778e-04
5.921481336742528967e-04
6.398015314882377069e-04
6.924307537695684189e-04
7.365374657058998409e-04
7.466365715880218801e-04
7.350400335680573605e-04
7.068006494448386690e-04
6.717297890206364031e-04
6.390592979067521995e-04
6.151532624568689656e-04
6.037578080918537538e-04
6.049740004597792264e-04
6.179108799225785376e-04
6.394299991934193628e-04
6.795924387068552619e-04
7.135187473860105101e-04
7.318434363339232362e-04
7.301405899262647381e-04
7.102499505646786560e-04
6.799329520088548406e-04
6.487941538112496076e-04
6.247405047844489800e-04
6.110671874965944994e-04
6.100941668033543763e-04
6.201681538900993829e-04
6.391180805236373885e-04
6.638169347237266038e-04
6.860205084249226815e-04
6.996759741821900747e-04
7.014367821847056206e-04
6.911040751217401024e-04
6.737035654004186469e-04
6.547059566324175961e-04
6.391593352204072431e-04
6.303474298137157206e-04
6.297565421106154915e-04
6.231542256943667368e-04
6.262214757821737976e-04
6.375583284887742508e-04
6.528633388004356775e-04
6.687738347179728038e-04
6.654906659716575135e-04
6.601343557794958627e-04
6.489708862250642696e-04
6.542274053062957506e-04
6.603445518089667843e-04
6.497558157062544026e-04
6.605879214431897850e-04
6.699991034381236332e-04
6.754109773282612750e-04
6.756007062947988473e-04
6.710395552681491793e-04
6.623817541958620936e-04
6.537508258100954706e-04
6.474154656895825255e-04
6.450046986576918329e-04
6.467420886051566953e-04
6.516907218150347347e-04
6.419834808396585046e-04
6.171290211212099308e-04
6.062297986989539922e-04
6.111926997058869659e-04
6.295395422956095999e-04
6.555738587507020654e-04
6.814765900510222352e-04
6.830940649023009570e-04
6.620439090204710553e-04
6.451451500243399195e-04
6.364149549148434559e-04
6.355105683846229425e-04
6.608489816514184767e-04
6.841799529816450232e-04
6.979467118261029057e-04
6.978228374626693764e-04
6.836349065966196292e-04
6.318126137045965152e-04
5.971625279954650978e-04
5.976126188028674235e-04
6.149109659947527007e-04
6.453020074305149123e-04
6.721215191118901089e-04
6.930136418513699326e-04
7.010016987080147643e-04
6.940116879030622243e-04
6.319744896841061887e-04
5.901458590888974953e-04
5.603655619699221546e-04
5.642132190605275710e-04
5.967370870634258750e-04
6.501063756785274705e-04
7.072098077501864921e-04
7.460274146192658051e-04
7.510161608016430179e-04
7.228917637652765293e-04
6.771522134496610335e-04
6.331859622288327216e-04
6.047559237402078125e-04
6.157755365800987590e-04
6.544244637115559371e-04
6.939235869181104022e-04
7.096506902719568188e-04
6.567955793228552608e-04
6.141206342180627331e-04
5.946363340570970379e-04
5.982754688532709864e-04
6.218433633012887540e-04
6.566820818181273722e-04
6.910105300869107126e-04
7.122631531576439912e-04
7.132845589301606282e-04
6.712755915677659502e-04
6.321789922305587339e-04
6.087578273932248152e-04
6.049129524811069913e-04
6.130101138895893698e-04
6.366394023802346425e-04
6.672616962607458291e-04
6.934732444786595451e-04
6.967074977218823406e-04
