7.675653111778657500e-01
5.959004149237292491e-01
5.002982658041916775e-01
5.317445923428376631e-01
5.444190454106123678e-01
5.452791938943480909e-01
5.045168372408093127e-01
4.802248593722381331e-01
4.872423255658889785e-01
4.858984513622557344e-01
4.904981827988987853e-01
4.771542678426256012e-01
4.552668388225841190e-01
4.752190355944366784e-01
4.520836398663660161e-01
4.448788122290436853e-01
4.538353010997973058e-01
4.329443008989649622e-01
4.341477459595322053e-01
4.208896651415691137e-01
4.135702782489322216e-01
4.049671467568850547e-01
4.008644512789062420e-01
3.781311721025816253e-01
3.621127798596591729e-01
3.654363738240669068e-01
3.564746367769376922e-01
3.294410409338283108e-01
3.319774405858545441e-01
3.272235602646306196e-01
3.128671976474441951e-01
3.079037529452830491e-01
3.122344436120961797e-01
3.007440328507751115e-01
3.085541694712660155e-01
3.015082610608875724e-01
2.912576506887972760e-01
2.818696410916053940e-01
2.915377011197322066e-01
2.752934885354021421e-01
2.872948813859056427e-01
2.717938015858293310e-01
2.794319715175219709e-01
2.646504637092362833e-01
2.770192772538467851e-01
2.830082558049039632e-01
2.662195321670237647e-01
2.672887946481938837e-01
2.552875462934318662e-01
2.726584769133393316e-01
2.766811927229066992e-01
2.534163990180979820e-01
2.555245978840181564e-01
2.486461606363286059e-01
2.650332842004224920e-01
2.486798735361969159e-01
2.373322540981555040e-01
2.250463551965915521e-01
2.324643305442415375e-01
2.139163010562963319e-01
2.008666674040929800e-01
1.960934729364315343e-01
1.938947842680365241e-01
1.810244486813553655e-01
1.646043835616762818e-01
1.585253963779945652e-01
1.519729911304372738e-01
1.452860062376598593e-01
1.409855416176182263e-01
1.213077683618292157e-01
1.160799795566177517e-01
1.221472471885474143e-01
1.054252657050487318e-01
1.121875702025630916e-01
8.415920930265907707e-02
9.652252774870984098e-02
7.564778428337459726e-02
8.085098220727515717e-02
7.647672744067579575e-02
8.508420649337711250e-02
5.618441784698546826e-02
5.891493565041128200e-02
4.016784598496969672e-02
6.021543054754796565e-02
5.615220027745382314e-02
4.488896759930272040e-02
5.428116753126954741e-02
2.750003792206034969e-02
1.787269261807833409e-02
4.097300133690173762e-02
3.810830817365029599e-02
3.238139632703507242e-02
3.137466512366104965e-02
2.047856821976490327e-02
2.055278966647022809e-02
1.602036467067224912e-02
1.191438084612927994e-02
2.376703664677681793e-03
-7.662753478285599940e-03
-5.623934634649829789e-03
-1.814051885746281734e-02
-1.911755012896598771e-02
-3.117882279447314886e-03
1.412348104964056272e-02
-2.420938303469011288e-02
-2.243060744212610480e-02
-2.455260844444362434e-03
-3.209236041137875084e-02
-2.141094900598883299e-02
-5.218806559298316827e-02
-3.986776897031729661e-02
-3.688773402084510877e-02
-6.252028719322200168e-02
-4.339532556425829135e-02
-4.752989393135131913e-02
-5.411936375625114870e-02
-4.348293436172778748e-02
-5.795486963003759762e-02
-3.533723183767811804e-02
-6.244117017974293304e-02
-5.503394792726234996e-02
-5.936707001298402453e-02
-4.545935976645854026e-02
-6.696857524920041271e-02
-7.220302547864809739e-02
-6.106787477432451539e-02
-8.549673465910467840e-02
-6.627268592723334351e-02
-7.398174449960315258e-02
-6.607595921092812574e-02
-8.002997925497279397e-02
-7.993019198715023421e-02
-8.026673116340621306e-02
-9.502879834637090184e-02
-8.379883474683280653e-02
-9.652196447325600559e-02
-1.022984127889945416e-01
-9.308743869965452333e-02
-9.501269540567691685e-02
-9.878978722525544320e-02
-1.068279187740603930e-01
-8.920237878231596085e-02
-1.000802601554324767e-01
-1.002165656546833983e-01
-9.868934122906036777e-02
-1.042611713647565441e-01
-1.034038880470591337e-01
-9.294402185378358716e-02
-1.075302362453598448e-01
-1.024008256808530692e-01
-1.041487035683588136e-01
-1.022143243648421240e-01
-9.906866674988812349e-02
-1.130094718057736980e-01
-1.133768320149630693e-01
-1.172935161821191397e-01
-1.196789899490604547e-01
-1.317639460850745792e-01
-1.124999845136134269e-01
-1.277079924189317151e-01
-1.143350408039520705e-01
-1.292439892557226688e-01
-1.214218451665711740e-01
-1.230910724282310298e-01
-1.226488907811857931e-01
-1.239488845386143012e-01
-1.319195040724632229e-01
-1.277084996237511927e-01
-1.220747121802669977e-01
-1.364184436398132583e-01
-1.375751938862952439e-01
-1.355244770064569781e-01
-1.353074611777234093e-01
-1.385753718521942623e-01
-1.322886312392907993e-01
-1.388556620148755361e-01
-1.462909902084781333e-01
-1.371459833759647307e-01
-1.398022631577569008e-01
-1.501939584844833586e-01
-1.552311319224513042e-01
-1.497430697290069723e-01
-1.498532024099885618e-01
-1.476495634379053623e-01
-1.535360883721603731e-01
-1.352928933834740555e-01
-1.372444971798567614e-01
-1.636476658207373092e-01
-1.387305373374361217e-01
-1.722535877011628358e-01
-1.725888377038276023e-01
-1.590737203347512008e-01
-1.507596436742943968e-01
-1.593637073799072379e-01
-1.721684943638444043e-01
-1.668468495864874335e-01
-1.517639131783177220e-01
-1.624643190607966137e-01
-1.697402983862554837e-01
-1.602834874120799835e-01
