9.970621730195647903e-01
7.860214461918151319e-01
4.330724664044059979e-01
1.059765978057933822e-01
2.074720629114341630e-01
3.237485984727692667e-01
2.364716768526711199e-01
1.132378362205136435e-01
8.228411878947949898e-02
1.404197374376068286e-01
1.834020282065665919e-01
1.826117493726662211e-01
1.378578970839968720e-01
9.438954259334608743e-02
7.930629502044805879e-02
9.832157309171085657e-02
1.264918646653905299e-01
1.277976878254962756e-01
1.098065459507405750e-01
8.735370708932377326e-02
7.973566755704897258e-02
8.916325265537128342e-02
1.043823962655986426e-01
9.955641518156499448e-02
9.761076460157713797e-02
8.608795755017351059e-02
8.117875506968241783e-02
8.437938080087636905e-02
9.042895104935899653e-02
8.991420241792769108e-02
9.031860910741729143e-02
8.295392544848401162e-02
8.036122297765857514e-02
8.245826381125465065e-02
8.504655760597590319e-02
8.590973733768603182e-02
8.517961175735289103e-02
8.349352354135963772e-02
8.058258961472941628e-02
8.237612511556169359e-02
8.432945935525992809e-02
8.304940147180983612e-02
8.340883617928751548e-02
7.628918344535395857e-02
7.617579432388932315e-02
7.962437410720157871e-02
8.353776569672854979e-02
8.349796418114241447e-02
8.187369332786287313e-02
7.669214045923955503e-02
8.118908521098600062e-02
7.772473288381209766e-02
7.870209959303364755e-02
8.142181080701849094e-02
7.969463617942462719e-02
7.599853393138789048e-02
8.061059914932255932e-02
8.148674897937491224e-02
7.966052144630308973e-02
8.347102577351894759e-02
8.192271463562861289e-02
7.997531576123506625e-02
8.254318573586705288e-02
7.680957376947505910e-02
7.904331715717349827e-02
7.992667227388039475e-02
8.062197482192490217e-02
7.481329658694335638e-02
7.785713006593142360e-02
8.120152595259044759e-02
8.043266800339976541e-02
7.651289883830036942e-02
8.068425530143374935e-02
7.908255361795335503e-02
7.919556951074835371e-02
7.798210657519599742e-02
8.122271014675019885e-02
7.943216973627498234e-02
7.822798450922052726e-02
8.360037236258444082e-02
7.691179660904134963e-02
7.567553998231346668e-02
8.080684738195398342e-02
7.770831256952281940e-02
8.074262808572474359e-02
8.038701977595674730e-02
7.999692850945305800e-02
7.832557479870716488e-02
8.013923579823734045e-02
7.844841305493654993e-02
8.051480559086299227e-02
7.777709739878191364e-02
8.043016133363001252e-02
7.992000341607274905e-02
8.137763349917481737e-02
7.800999838324063074e-02
7.774016708070474735e-02
8.022901415541383585e-02
7.865026076233372354e-02
7.951958217578236621e-02
8.173753625004209766e-02
7.853332401063284340e-02
7.790918636201293879e-02
7.953865486194755530e-02
7.994507588486210459e-02
7.741903728771371007e-02
7.864113298775377014e-02
7.627371570597518691e-02
8.046134057126541617e-02
8.052197039547626112e-02
7.706032357004144462e-02
8.050883172336287252e-02
8.099036698780426313e-02
7.834148244818917028e-02
8.046309157805764389e-02
8.287697150222383957e-02
8.009720328926828170e-02
8.000081126494640316e-02
8.049265909800029650e-02
8.066572371755997839e-02
8.009277603911979515e-02
8.303159202468490818e-02
8.190616691971341901e-02
8.118640095902307507e-02
8.291765308358156616e-02
8.004554632949212323e-02
7.659452744294159565e-02
8.461536643669176350e-02
7.969976610650031379e-02
8.066548158277497826e-02
8.028302688619737282e-02
8.030298028726468029e-02
7.613405750435675579e-02
7.600173621582062555e-02
8.083616494288103915e-02
8.160817701642275601e-02
8.072989070137115419e-02
8.131821300749431103e-02
8.363535243441477807e-02
8.176195316437129268e-02
8.488701589922953428e-02
8.016763349051592158e-02
8.121013212936700754e-02
7.634073465218049748e-02
7.740636320196980780e-02
8.160475544963674555e-02
8.103159405129611859e-02
8.093636533779946518e-02
7.979537800449032492e-02
7.621744649553574558e-02
8.300318198677747450e-02
8.483776140512244712e-02
8.052380624496890960e-02
8.006283779176737170e-02
7.661596370060463901e-02
7.796388025025235979e-02
8.036271233947445136e-02
8.042210668730576106e-02
8.391902588015609510e-02
7.931187069857825733e-02
8.377569081872593415e-02
7.347372201822377491e-02
8.056330223093288723e-02
7.743772211160904195e-02
7.421446029588518734e-02
8.022992725554189963e-02
7.777137253476140710e-02
8.114213546178572489e-02
7.987558455594157003e-02
8.052285430629713137e-02
8.105208638088245987e-02
8.064104195186616586e-02
7.557539955383052455e-02
7.596842962143457445e-02
8.042734256350736466e-02
8.101357699356537267e-02
8.107735148994210661e-02
8.409033869853732579e-02
8.550554681717903449e-02
8.102603558218135493e-02
7.936143180137533726e-02
7.947926825356654845e-02
7.191389020994387593e-02
7.397911618701369374e-02
8.056713972114148969e-02
8.070600689541340689e-02
8.132337547443713177e-02
7.925216127916712150e-02
7.960652479616658894e-02
8.022915105718309015e-02
7.999985198237036244e-02
7.810501444399453597e-02
7.978978390180824221e-02
7.697434527537738713e-02
8.007729069366542607e-02
8.451904563963041905e-02
8.048085911835356487e-02
7.839797400875425648e-02
7.780473174730151431e-02
8.313535021462248320e-02
