1.692783610285897300e-01
7.579410896598770542e-02
1.178818306208633260e-01
9.976913602833359374e-02
7.405220472714091340e-02
7.503069835541920085e-02
8.608020814356021067e-02
8.700490991715725819e-02
7.284316643185351214e-02
7.281433315708285559e-02
7.063459056667109603e-02
7.104183281415998863e-02
7.055642232342540510e-02
7.660558387994464979e-02
7.716181542411904015e-02
6.786199075910803735e-02
6.707934131561155144e-02
7.701791726383422354e-02
7.260061699605868668e-02
7.686735843825942549e-02
7.066516856305227190e-02
7.215454717171065901e-02
7.352086018540771040e-02
6.701188542000269255e-02
7.524388058276654245e-02
6.405832179869919152e-02
6.600796353243298942e-02
6.842024355418063752e-02
6.666642424555646596e-02
7.256444299082887017e-02
7.051279619205730320e-02
6.825010305930945265e-02
6.844695536542344527e-02
6.749281443398769120e-02
6.820724434650171641e-02
6.784563146409072765e-02
7.368650542827881456e-02
7.112417057150099975e-02
6.781529838727484716e-02
6.777155741307294701e-02
7.113516060586733136e-02
7.224462568474721014e-02
7.153698600147184727e-02
6.682259572435644834e-02
7.040916802951047160e-02
7.138896534087502133e-02
7.143723686040015508e-02
7.110533192800094771e-02
7.046680147496220403e-02
7.193742278623860287e-02
7.290387929924468935e-02
6.556104344720126154e-02
7.141458936576683403e-02
7.111951868762711459e-02
7.083021216813700782e-02
7.191285105123201848e-02
6.992610230731644005e-02
7.088325368671222204e-02
7.228537966972481410e-02
7.331893597080596514e-02
7.112802728797762430e-02
7.158369850142631829e-02
7.147102564268836833e-02
7.228576482358450850e-02
6.778159215237633539e-02
7.145865512078009019e-02
7.179855533599011075e-02
7.186776865494326483e-02
7.308729718819695353e-02
6.789824464871341281e-02
7.423186539947335127e-02
7.017176191364282722e-02
7.244430519008049352e-02
7.340181179581928284e-02
7.323289020352352630e-02
6.764359733832425725e-02
6.297343203293270797e-02
7.396880866935762189e-02
6.664036275756080041e-02
7.042745962211616195e-02
6.284938660209826722e-02
6.432146396265647770e-02
7.228093975298388596e-02
6.910176310276627820e-02
7.098981988097552431e-02
7.211008145103792177e-02
7.220405659940842824e-02
6.908579302078066142e-02
7.146336858231749911e-02
7.065175619176433663e-02
7.062571947596441024e-02
7.062099474930760845e-02
6.681928647599311155e-02
6.532914102013420710e-02
6.806727343578489187e-02
7.036418148812861872e-02
6.832367881040279922e-02
6.285590568051657723e-02
6.894044063436721714e-02
7.221996066102631673e-02
7.089273919063276974e-02
6.861303003353480534e-02
6.571725532009964343e-02
7.257964991781007402e-02
7.056812689742131273e-02
6.791522880229872161e-02
6.030412502966531196e-02
6.821920784607071742e-02
6.624151792911869840e-02
7.062799125904983821e-02
7.053388028305762614e-02
7.255675728634003452e-02
7.115045899650862538e-02
7.222785473907578080e-02
6.269528365661480862e-02
7.203758156974260363e-02
7.250119943429556013e-02
6.740209206383385165e-02
7.287815372828987392e-02
7.363401198427854677e-02
7.217368779031885229e-02
7.157238615397465420e-02
6.611389189895788832e-02
6.674673849774737100e-02
6.246615136236810528e-02
6.757724359682470983e-02
6.628703250002798697e-02
7.003472454111958623e-02
6.738675171531582908e-02
7.099171152157845999e-02
6.657202573977405446e-02
6.680643380431239287e-02
7.410321289752019869e-02
6.918676471705254016e-02
7.461165216802223554e-02
6.828329945968358849e-02
6.382873897979801647e-02
7.260188550775126259e-02
6.661358484972335070e-02
7.146468230851565906e-02
7.219864226480288139e-02
6.291247118808596106e-02
6.378314170667120919e-02
7.231073374018959221e-02
7.121724902097936738e-02
7.124830690640682196e-02
7.193042078752365232e-02
6.934430180797679366e-02
6.701166117108126041e-02
6.910755043322780455e-02
7.625568010198113811e-02
7.325294281842698041e-02
7.231228517287857649e-02
6.722578537737589066e-02
7.482603465170745149e-02
6.670113706679092758e-02
7.401091207796295368e-02
7.117407197603853319e-02
7.029555801074904853e-02
7.220611860852610420e-02
6.661577534214646601e-02
7.185967965339645769e-02
7.492756779433018544e-02
7.030586633265356600e-02
7.392552953254150072e-02
7.168841103011625027e-02
6.801228981812956764e-02
7.121450227097625429e-02
7.058231171595474862e-02
6.815951327784341984e-02
6.618900734480714920e-02
7.175125002216276027e-02
6.992714021632484567e-02
6.590781355809594011e-02
7.192509279889125473e-02
7.117247719151431617e-02
7.193069154877407279e-02
6.689203003118804336e-02
7.077880277960590938e-02
7.213513580567554317e-02
6.773021311782967402e-02
7.210016350157322229e-02
6.782102535178524683e-02
6.698471570310260415e-02
7.088986618130166395e-02
6.248741475102581600e-02
6.839664823880708955e-02
6.616055553319644122e-02
6.109580614840015578e-02
7.154502616436841933e-02
6.507182366194286249e-02
6.458667049709698738e-02
6.694914207236524195e-02
7.335512213522865643e-02
7.117846825058138371e-02
7.099005162028804161e-02
6.557360960690938878e-02
6.378216038688178102e-02
6.076923537439371525e-02
7.192937103000474064e-02
