6.421069770994657366e-01
3.880580353411953176e-01
1.996102441949142436e-01
1.204475231275405900e-01
1.509880848057224556e-01
2.019672751204839578e-01
1.990073690864520017e-01
1.637403512333709399e-01
1.314107631705689894e-01
1.210912768833040110e-01
1.241121242255002199e-01
1.358089893913594359e-01
1.458161898195128314e-01
1.453230556740252588e-01
1.399510311427789588e-01
1.289536850010929436e-01
1.216322326184691160e-01
1.192088422082591137e-01
1.231747730523333750e-01
1.274375965835222724e-01
1.302822920125528139e-01
1.307337426181021112e-01
1.258233804844127723e-01
1.219138929132850269e-01
1.215350126109508988e-01
1.193578118840855629e-01
1.210482257376432891e-01
1.227772210794012553e-01
1.240402464122009052e-01
1.252345172221603908e-01
1.223880744477955362e-01
1.225128446467609322e-01
1.198964143987245601e-01
1.193074163707871227e-01
1.222879404894245958e-01
1.210357068333565156e-01
1.207503395838455118e-01
1.210371590026848576e-01
1.204342802665394618e-01
1.196814287155256729e-01
1.192498556031899026e-01
1.192766321098577276e-01
1.195561382629172220e-01
1.199578752039249796e-01
1.209432441572968475e-01
1.200228906741992452e-01
1.215380270004182695e-01
1.196193583850643227e-01
1.192963747857745949e-01
1.193406229100386629e-01
1.194432584221272187e-01
1.199764651719908981e-01
1.196664871515287221e-01
1.195999659437666507e-01
1.193612363461530324e-01
1.192428742797551067e-01
1.192648042267248076e-01
1.193778399885385699e-01
1.194624021736362396e-01
1.182930530982307937e-01
1.188131929544067322e-01
1.193016120587375717e-01
1.179991335093280025e-01
1.191061457710219651e-01
1.192035033683191969e-01
1.195162568521926927e-01
1.194098637906211291e-01
1.188213575357107699e-01
1.188000456103195379e-01
1.194350470077619741e-01
1.191838956188595589e-01
1.194510345602171064e-01
1.193378969573221093e-01
1.192370439974734797e-01
1.199442450680848760e-01
1.210730611099325449e-01
1.179354209893639371e-01
1.187115772589879548e-01
1.193025341439295506e-01
1.193810003819760768e-01
1.192312121745561226e-01
1.192752300853254788e-01
1.192741297838542103e-01
1.194323544666285875e-01
1.192671377056956361e-01
1.183100869430652180e-01
1.193172402987215941e-01
1.207822037220612765e-01
1.191853275775562881e-01
1.196070950714519521e-01
1.208330240609992723e-01
1.191859382890356756e-01
1.209588457026090635e-01
1.192904074677918480e-01
1.195025031101418778e-01
1.213338045772220930e-01
1.191809823303345839e-01
1.192934947653705446e-01
1.193598775143618340e-01
1.207667019533932296e-01
1.209020089544321497e-01
1.194897419397963345e-01
1.192737693815664191e-01
1.208561065778199772e-01
1.191865011344386271e-01
1.207808462622841361e-01
1.192147088014391398e-01
1.186908000080506564e-01
1.193105789015040941e-01
1.192187305233091132e-01
1.192200357440776903e-01
1.208305882888199845e-01
1.191814966084032701e-01
1.191810004277783497e-01
1.193191803992192934e-01
1.192465168420722144e-01
1.192064659021409012e-01
1.179767040233230535e-01
1.192833997157484172e-01
1.196316183252679188e-01
1.208219946935550348e-01
1.192528970301666158e-01
1.179373253271067679e-01
1.208942024602970289e-01
1.210475731430026292e-01
1.225081119528512730e-01
1.193107353939416582e-01
1.178816571759230269e-01
1.196067558798398212e-01
1.193536075341802283e-01
1.195451410303914885e-01
1.191793359943628117e-01
1.192933599723327021e-01
1.207303778753890944e-01
1.192120752653893501e-01
1.191833400504447305e-01
1.191982977251052622e-01
1.192775447003557865e-01
1.192666195802170037e-01
1.178509629948026882e-01
1.200193418666679612e-01
1.206916301641938194e-01
1.191831106889160719e-01
1.194778965036920049e-01
1.192712136769028541e-01
1.191795069575828370e-01
1.173393095129129371e-01
1.173498606695159152e-01
1.186728949371823605e-01
1.187811422665616679e-01
1.194375415665589468e-01
1.196134648698340408e-01
1.194951987853766218e-01
1.192494724468033951e-01
1.192652906365574417e-01
1.206721391581644376e-01
1.186131431924262181e-01
1.191859536076362858e-01
1.179862082070799456e-01
1.207389289659619447e-01
1.193022504439121834e-01
1.210407893579221739e-01
1.193877675100126767e-01
1.191804441427373185e-01
1.191938829821822532e-01
1.208812526434166479e-01
1.192212076736197668e-01
1.179419286054680382e-01
1.192379280942355013e-01
1.192703402125000478e-01
1.191818834825368878e-01
1.196384638671784684e-01
1.191800140173947531e-01
1.198287533106866531e-01
1.192584078746644627e-01
1.192990763988751590e-01
1.193849188855614640e-01
1.192974082335943597e-01
1.196807431902755514e-01
1.190269265135017740e-01
1.194012887279696233e-01
1.208220208973790344e-01
1.206438329552232958e-01
1.192118131626495048e-01
1.188554200828031426e-01
1.192472129882218290e-01
1.191865908998464008e-01
1.193477331940520081e-01
1.201388020689353464e-01
1.192979830965436028e-01
1.195027313839984728e-01
1.177454157025923376e-01
1.192495704182289229e-01
1.192195062796230776e-01
1.191982982634727239e-01
1.212050686411491052e-01
1.192043123051459430e-01
1.192775736451351376e-01
1.191993208732915477e-01
1.211000519644894746e-01
