8.018926154366853298e-01
4.053023636830166421e-01
3.091400361909146799e-02
1.205983489230736394e-01
2.107663809436388647e-01
1.086731129103650773e-01
7.688309405785687112e-03
2.756998865650439612e-02
1.142472924491586550e-01
1.647093357202555897e-01
1.520389916144401221e-01
9.508730253428676615e-02
3.185605052355400257e-02
1.280399248844932281e-03
1.018631451458928971e-02
2.873706771497808177e-02
2.818294630327133898e-02
1.126963853959839224e-02
4.936085296098902120e-04
1.075856118599027855e-02
3.496092182423182759e-02
5.434726984978421882e-02
5.601514318815636884e-02
4.161681335600764253e-02
2.124522571319720221e-02
5.668909792077347909e-03
4.911227542985230343e-04
2.167746852902330268e-03
3.428454786826073963e-03
1.612409052072938387e-03
6.057038185818264253e-04
4.918879245386587051e-03
1.400260750892579065e-02
2.253448208585595580e-02
2.521539757483670652e-02
2.093907538595163320e-02
1.279991278944858646e-02
5.391825551436357777e-03
1.499431877899026766e-03
5.163482626500126571e-04
4.715486614769170970e-04
6.686547813720133959e-04
2.139905754539372928e-03
5.804340265061158632e-03
1.068788896508765518e-02
1.424123530673238047e-02
1.446940191236167905e-02
1.150552869105403442e-02
7.242973610718572708e-03
3.805334456063569348e-03
1.911378163762300630e-03
1.340239272515031388e-03
1.597322097072417790e-03
2.734650783487668768e-03
4.926238675320049332e-03
7.693385220507553690e-03
9.717488588237621627e-03
9.985501582928546505e-03
8.492065664115866497e-03
6.112532494929823201e-03
3.951165891301067212e-03
2.694286286426650356e-03
2.314604194999625442e-03
2.735212036922840539e-03
3.933120444299165186e-03
5.646991692279224040e-03
7.254996361105714442e-03
8.085918601572927855e-03
7.742197467361933150e-03
6.425890346067775205e-03
4.853970511389360531e-03
3.762563622971337729e-03
3.292830067542218409e-03
3.442870743006087864e-03
4.138335057654041194e-03
5.136846791415683455e-03
6.109432922144053535e-03
6.644648569780864378e-03
6.540774284735095812e-03
5.867909790829406447e-03
5.016137708146350960e-03
4.367572004588149426e-03
4.053303815007458510e-03
4.209083701233629071e-03
4.617045264255659198e-03
5.300333622779151987e-03
5.861630447549504019e-03
6.166249546999957865e-03
5.997279399044819215e-03
5.538687197187863731e-03
4.903052241882366324e-03
4.389839280957597012e-03
4.192951919616993983e-03
4.339537091622269749e-03
4.787902165068524951e-03
5.340551846779950651e-03
5.761903751560160103e-03
5.960783086141785425e-03
5.758750819137792298e-03
5.289670869494722538e-03
4.693548542455072692e-03
4.413527529355643075e-03
4.436286730054694871e-03
4.775763426309920234e-03
5.213775893552541341e-03
5.580509771353159287e-03
5.706273489558766343e-03
5.638642465350507393e-03
5.264248094778101184e-03
4.849021690122023998e-03
4.628625893723037343e-03
4.611847452467676689e-03
4.786071261268509680e-03
5.152977349978993260e-03
5.451398965710230193e-03
5.523223604651628094e-03
5.375453763233895010e-03
5.173217752303838068e-03
5.012866699540485804e-03
4.887740933023909662e-03
4.849466350219322486e-03
4.906219350310547789e-03
5.062862326489336873e-03
5.201786359999682752e-03
5.300123298893177903e-03
5.350794541836290108e-03
5.366429622796431431e-03
5.274786567844635954e-03
5.088925620277517936e-03
4.907089116446328170e-03
4.813154729352953076e-03
4.840671884396963165e-03
5.090835362449475099e-03
5.416808167761466564e-03
5.538748065288201516e-03
5.410537936372583623e-03
5.123147012685125290e-03
4.747517460050088012e-03
4.603726333173185914e-03
4.729199783419235636e-03
5.126943663560701303e-03
5.463105218040498201e-03
5.494522883732311236e-03
5.347863253693296848e-03
5.088465735970437720e-03
4.842469552961858881e-03
4.728455096422390369e-03
4.722466563016336494e-03
4.818085724648590862e-03
5.141138751342144708e-03
5.362087958944550259e-03
5.413320516118313996e-03
5.271915509231561714e-03
5.127143645872744848e-03
5.076563700509018062e-03
4.942207576259627366e-03
4.879269476127157112e-03
4.912732977471967466e-03
4.916920560717463751e-03
5.083536982785963332e-03
5.266819750692763868e-03
4.879653582558818314e-03
4.907192276913940887e-03
5.110286821672138657e-03
5.979854383463267808e-03
5.449757158031309778e-03
4.583592523632051829e-03
4.497871473533754383e-03
5.105734245795412463e-03
5.621369444991808351e-03
5.400088123151514097e-03
5.112232158998475384e-03
5.109260715121743957e-03
5.362598479802693774e-03
5.233312076277529812e-03
4.915738466987784605e-03
4.887421406776448762e-03
5.145144830013381743e-03
4.764331976760183274e-03
4.504714888088789948e-03
4.750647135804308974e-03
5.138892364177527483e-03
5.851527866578942749e-03
5.999091600856099049e-03
5.195887872298632360e-03
4.262158638488111606e-03
4.218657028372763129e-03
4.958797332111464229e-03
5.922887930557840797e-03
5.947644765313175874e-03
5.182172312336197351e-03
4.482294028426037080e-03
4.408700431756451543e-03
4.966373817619662567e-03
5.504873956845068861e-03
5.687577202521998387e-03
5.304931188110151297e-03
4.758131790701836117e-03
4.593138947820207818e-03
4.791169818983087580e-03
