3.816977725366961227e-01
3.568925316784816726e-01
3.658671015045054098e-01
3.429383947874111715e-01
3.407675898330830844e-01
3.514383565881193938e-01
3.546040816574458354e-01
3.446393920441853664e-01
3.382691131816087937e-01
3.431094251833819442e-01
3.444497280094425129e-01
3.443722798502247828e-01
3.406067620715935718e-01
3.387630547560572802e-01
3.408005246478054140e-01
3.418312910276495309e-01
3.435840073282317997e-01
3.408433545434442768e-01
3.393673584016292377e-01
3.385962211564512714e-01
3.415948568987180467e-01
3.404973902156243071e-01
3.411087422957627124e-01
3.386891676477371549e-01
3.390250162158668923e-01
3.401874821047020658e-01
3.391752079209543469e-01
3.390171349789948829e-01
3.449097151737002820e-01
3.397545048376169330e-01
3.386457378117966321e-01
3.389038526301492160e-01
3.401117107996316502e-01
3.388786679206932106e-01
3.384159396393164876e-01
3.402090658787488842e-01
3.375825094349713673e-01
3.392629818899146610e-01
3.392031663454828649e-01
3.368559555268814121e-01
3.394704108364856587e-01
3.380395351381565439e-01
3.384404693995537450e-01
3.386599505675436106e-01
3.375472498214574513e-01
3.382150046494071249e-01
3.381722385035016432e-01
3.382359890232673472e-01
3.382986933846732214e-01
3.432933977886705179e-01
3.380600975788446982e-01
3.382797031827279310e-01
3.383526768007152352e-01
3.366872642783238501e-01
3.391703053171863935e-01
3.390104828777248391e-01
3.394637763451392454e-01
3.383305288540695566e-01
3.378387112469289910e-01
3.395187225108315943e-01
3.457642246054942747e-01
3.382016219468121365e-01
3.379495632924204296e-01
3.382812866768992732e-01
3.420099560641677305e-01
3.383706692890080525e-01
3.414603392090270750e-01
3.383618365330225419e-01
3.432962533877895739e-01
3.384373303332322003e-01
3.395028443186576261e-01
3.409714788847523215e-01
3.389691725750257900e-01
3.384135483243241316e-01
3.384608727884215185e-01
3.370377924797662850e-01
3.392278483978873327e-01
3.380602206414734523e-01
3.404328258710711541e-01
3.428907768271668433e-01
3.406005838377558215e-01
3.418699976082743008e-01
3.385175138219616020e-01
3.379899132239861936e-01
3.380121036020259373e-01
3.381567919738074357e-01
3.388450333569061890e-01
3.388854184981511253e-01
3.405473026436834916e-01
3.385467793801504310e-01
3.393330183323096660e-01
3.408861432200995800e-01
3.383227032321605154e-01
3.394774485813121245e-01
3.375640270924554764e-01
3.384496575520679063e-01
3.378855992086343685e-01
3.402464900985205931e-01
3.390964529686140150e-01
3.386256806890779458e-01
3.416963682556987125e-01
3.378012047276797158e-01
3.386383965331941637e-01
3.392345337665421123e-01
3.388467963812067385e-01
3.386090086081025019e-01
3.423683583382706175e-01
3.409355839872069138e-01
3.379051772090286843e-01
3.367668112580823880e-01
3.386343897240423617e-01
3.382198518667558496e-01
3.376119435852867889e-01
3.384829060911730414e-01
3.383366109612643280e-01
3.378754569486406290e-01
3.376704880737224634e-01
3.381123372328846965e-01
3.384612869305191341e-01
3.382081645966877881e-01
3.396919973775349710e-01
3.404468656569670237e-01
3.359426168163196502e-01
3.382676231278546330e-01
3.378043399723299478e-01
3.376929622458227920e-01
3.378101449695202207e-01
3.379796592788935072e-01
3.403359101522114294e-01
3.386089428678181745e-01
3.388579965040503517e-01
3.381116829256545220e-01
3.426671124816484948e-01
3.378319094980137827e-01
3.377629177823253670e-01
3.422696397066011809e-01
3.380124904883012871e-01
3.392269330152255513e-01
3.388580980855067093e-01
3.378753210278173658e-01
3.376550471004747811e-01
3.376144526358026976e-01
3.374862344549908189e-01
3.375676138617942357e-01
3.377923244219432908e-01
3.385963639493176913e-01
3.425048713018503665e-01
3.381724608854831393e-01
3.395450958516886830e-01
3.426008679364821452e-01
3.388194719969453983e-01
3.398820987565781548e-01
3.391394929315489915e-01
3.406082570064609127e-01
3.401322874868379920e-01
3.421232195535705012e-01
3.405408228593000963e-01
3.404984813337281757e-01
3.373143757134247078e-01
3.369089894554104792e-01
3.395994807368201140e-01
3.399526776865673394e-01
3.377487470419040516e-01
3.382464381689910260e-01
3.376889199587590484e-01
3.364571096543172990e-01
3.377706860690169455e-01
3.389776117322762516e-01
3.388943203183947261e-01
3.424525341337358864e-01
3.380284453234654318e-01
3.371445672378527991e-01
3.389850128996201306e-01
3.378487222299714210e-01
3.375409403031681688e-01
3.386274521974991236e-01
3.389838197941088538e-01
3.383129495052281666e-01
3.390294944126099885e-01
3.383812795033476206e-01
3.386139197345485741e-01
3.367290241706257792e-01
3.388506796404477939e-01
3.383514230456906580e-01
3.380439502762704329e-01
3.388075041683087374e-01
3.376700437711925851e-01
3.384145573754370195e-01
3.369655772267228233e-01
3.379895685091943713e-01
3.389721866854898957e-01
3.396864806657188263e-01
3.387383002939075016e-01
3.387141006138595367e-01
3.382794734371935563e-01
3.391765881728673326e-01
3.414222737533814112e-01
3.376199055006132710e-01
3.378807226453960366e-01
3.376714736397588013e-01
