9.680970234440343658e-01
7.959903477318623910e-01
5.212923836057530291e-01
3.013873874704385836e-01
4.067855291491205838e-01
4.730618396481748311e-01
3.958388238366702394e-01
3.091197218895586074e-01
2.953786599344633279e-01
3.428693651414761456e-01
3.680634547284004077e-01
3.646531324431346865e-01
3.284513696347758360e-01
2.971086313724130568e-01
2.918873598689344373e-01
3.093282329415049103e-01
3.297516845193062540e-01
3.269080668536092915e-01
3.122961917602654625e-01
2.963134394551552031e-01
2.919859091882176516e-01
2.991453180882186480e-01
3.117112252632477931e-01
3.042778813660337311e-01
3.046401097402346991e-01
2.963746349535973934e-01
2.930485706938213974e-01
2.954735743468134279e-01
2.994661409777783501e-01
2.977928842671687670e-01
2.999591803457597461e-01
2.941028432186674202e-01
2.921723307314428864e-01
2.935864640827878791e-01
2.949386605926578309e-01
2.959505356915027585e-01
2.963942027641877086e-01
2.953519486710612929e-01
2.924247809490734262e-01
2.938126816738040326e-01
2.957448272367468878e-01
2.936509748965465683e-01
2.948490317825346319e-01
2.879531689467635935e-01
2.876607017668533217e-01
2.909507289628741056e-01
2.948635023818494405e-01
2.950288185594592827e-01
2.936979614445275333e-01
2.885437794651031229e-01
2.929291353850075330e-01
2.891965024885179147e-01
2.896759130608761446e-01
2.938015329260804664e-01
2.916085118500524320e-01
2.875534793964479308e-01
2.922202573207129950e-01
2.931112171792190635e-01
2.910756627361357207e-01
2.955002028534471359e-01
2.938129327100534871e-01
2.917489493682066115e-01
2.949521855561727524e-01
2.884661499346315994e-01
2.908358807728274043e-01
2.917041916924848488e-01
2.924099828371146126e-01
2.860190094962006269e-01
2.890591417988755962e-01
2.931157652329975383e-01
2.922818526347913393e-01
2.882649773334908794e-01
2.930153212443039612e-01
2.905842219464394027e-01
2.907740603753482533e-01
2.894174180867077339e-01
2.931089330548470873e-01
2.910233879869130735e-01
2.896579769321951936e-01
2.950856200565240561e-01
2.881454233850161417e-01
2.872722742781925742e-01
2.926246169952628762e-01
2.896130879861636975e-01
2.926032222539731720e-01
2.919855738443257742e-01
2.917378081495479725e-01
2.902720108387274456e-01
2.919052297643657257e-01
2.901860220957516168e-01
2.923643684883339144e-01
2.891581409331236419e-01
2.922339617454370320e-01
2.916602658817766258e-01
2.938138199435410547e-01
2.895018675626213067e-01
2.891797852079227571e-01
2.926932592637476738e-01
2.900694704979792649e-01
2.911985808931146780e-01
2.936451171381052605e-01
2.903491900474183263e-01
2.894033921845605706e-01
2.914575864399189253e-01
2.916961478473899527e-01
2.888062360566391318e-01
2.902225304163431607e-01
2.880619470408452010e-01
2.923263498492582046e-01
2.923537209977642437e-01
2.888302636198133433e-01
2.923362751849231111e-01
2.928737988669516401e-01
2.900942723887959263e-01
2.922843525349244631e-01
2.951696529452655371e-01
2.918718533385432634e-01
2.919651553971802649e-01
2.924923743454417302e-01
2.925128477640470681e-01
2.918651081023311278e-01
2.950160030563432345e-01
2.943829046977137764e-01
2.930841530332577438e-01
2.942685177812320863e-01
2.920142981204806309e-01
2.884384256692544835e-01
2.962249930590341584e-01
2.914041192933192193e-01
2.925129158735344514e-01
2.920833982436161769e-01
2.921069892424553727e-01
2.881532710197989289e-01
2.877573310425028952e-01
2.927045691601486421e-01
2.935414996599325921e-01
2.925870612302828855e-01
2.932643426920097385e-01
2.951318239052005410e-01
2.942280425677910038e-01
2.966543913690691259e-01
2.919510466230630374e-01
2.931734356860612456e-01
2.882038114684722929e-01
2.888682799411884661e-01
2.935332457460054778e-01
2.929159895555268900e-01
2.928740003532465108e-01
2.915691571884273525e-01
2.880170862250133190e-01
2.954260189949902138e-01
2.971909253817912600e-01
2.923567201576854346e-01
2.916963191888426454e-01
2.884694646699275111e-01
2.895727852076466213e-01
2.921720194773791413e-01
2.922399661080227196e-01
2.964505127088716829e-01
2.912170815970582805e-01
2.952998933428271355e-01
2.850226561003892378e-01
2.923988198057061449e-01
2.889861502662283144e-01
2.858280182501305999e-01
2.922407850831050258e-01
2.893249490970616344e-01
2.930439542940206366e-01
2.916210922123250171e-01
2.923521142893196201e-01
2.929496471374949396e-01
2.933422473514366580e-01
2.875953833005455706e-01
2.880388416586953104e-01
2.922422677401221858e-01
2.928914670566645784e-01
2.934417926227148588e-01
2.956603457883432151e-01
2.980067442418249390e-01
2.929856020164433028e-01
2.911931147043058665e-01
2.912177495964465290e-01
2.834474756272246099e-01
2.856217321658240937e-01
2.924279144238710604e-01
2.926465972478076161e-01
2.932572497654416521e-01
2.911137555112017772e-01
2.919151346982954420e-01
2.920422568524049245e-01
2.917840487704872476e-01
2.897517872480244172e-01
2.918691863045623780e-01
2.890181732753372978e-01
2.919792896487501954e-01
2.961301454700810964e-01
2.923206249416742120e-01
2.908866490781747416e-01
2.894580309023622178e-01
2.954724070715993856e-01
