2.158024170086728644e-01
9.711118837528398551e-03
6.119524862744518678e-02
1.497380824049937553e-01
1.371597862555491432e-01
7.688742884421906343e-02
2.120785412983761109e-02
1.348425081587611984e-04
1.117027317965835209e-02
3.096813473201542877e-02
4.174278503364359239e-02
4.003291495453809024e-02
2.870010319823890210e-02
1.426140350966265125e-02
3.434374187623268071e-03
1.043380964539375455e-04
3.992774156006961839e-03
1.150081892757126578e-02
1.797514551679246786e-02
1.993796208574705187e-02
1.717229728901847885e-02
1.113238365885327319e-02
4.888374929196137586e-03
9.943857581384829558e-04
1.279889739541628657e-04
1.419551481424696782e-03
3.227141135986988374e-03
4.144540103220739624e-03
3.705254800065227450e-03
2.272820045563284097e-03
7.696424086931497044e-04
8.489100222264234219e-05
5.698457482680163722e-04
1.897332392487571795e-03
3.359462563955917247e-03
4.213124160669656781e-03
4.086620523892636747e-03
3.119778605684908612e-03
1.833157004929586442e-03
7.574652607613696631e-04
1.784034899825481801e-04
9.673422983913493312e-05
2.625147397009586214e-04
3.946378529223748544e-04
3.545012686698711946e-04
1.936642440992786263e-04
8.301137882271714119e-05
1.720078878026942704e-04
4.979262699050801544e-04
9.423084117965441209e-04
1.311111074547843813e-03
1.450931931552101872e-03
1.317688756026225150e-03
9.850436879098589671e-04
6.096491239319101751e-04
3.151014136029139934e-04
1.505144870286301284e-04
9.139772803301582371e-05
8.151550675450369710e-05
8.168036105971054894e-05
9.261945623606493427e-05
1.436692193618194224e-04
2.580553386541950545e-04
4.254626543753747825e-04
5.982831158173329555e-04
7.151275595462802670e-04
7.361209379973532307e-04
6.491638957799583665e-04
5.048991418503678830e-04
3.505672473667065248e-04
2.296629006510730875e-04
1.611220637369736863e-04
1.329765171294017279e-04
1.323446931812410909e-04
1.561686235532766531e-04
2.088133412228021513e-04
2.904369344830515232e-04
3.874296348197470152e-04
4.705254875702058470e-04
5.168996971531836238e-04
5.076386673794619497e-04
4.564647914978570142e-04
3.837567362300342566e-04
3.116913406275845233e-04
2.576824111424347308e-04
2.247938378567848616e-04
2.130817926138117713e-04
2.209582863429426780e-04
2.463008033173341715e-04
2.855803981842708339e-04
3.313295162035156949e-04
3.729916036532276991e-04
3.996316297951718610e-04
4.071153175838615468e-04
3.925166272653601851e-04
3.527531573780384733e-04
3.112602633738026370e-04
2.774349559117039732e-04
2.566631809541863873e-04
2.504222227895924746e-04
2.505142416155958784e-04
2.658734968845610780e-04
2.914730095714412883e-04
3.163875405948202157e-04
3.398151128010118427e-04
3.560595154665779916e-04
3.611492104657054725e-04
3.492294506768356399e-04
3.306959800679631911e-04
3.109620277508273745e-04
3.026415076605726284e-04
3.102784276746151093e-04
3.131169538947986553e-04
3.162462643944152774e-04
3.188300346083083880e-04
3.203210764993746906e-04
3.226743192441539065e-04
3.228864695579147792e-04
3.212997233017489407e-04
3.128017822150441773e-04
3.058097846747598325e-04
3.018424036262956633e-04
3.014841735421436297e-04
3.046175686923779935e-04
3.099697037575177561e-04
3.105541286467783380e-04
3.121624435323822055e-04
3.088261363437538876e-04
3.073095433246963992e-04
3.080064011753425035e-04
3.104332609158433343e-04
3.138404975308040079e-04
3.174056905198563427e-04
3.199041756860587782e-04
3.211046694420183201e-04
3.206214264991347207e-04
3.187303631894122802e-04
3.161194660883381857e-04
3.036721318286916826e-04
2.957221530531795040e-04
2.935819652633009369e-04
2.997895184132515212e-04
3.096846869838909555e-04
3.202343251990091844e-04
3.286414913483692857e-04
3.326448983099750123e-04
3.314259618729664680e-04
3.284662538880489535e-04
3.159746028589260902e-04
3.047919717379388160e-04
2.976010619749613895e-04
2.959909169860663880e-04
2.998028185117185274e-04
3.074899568198397048e-04
3.166863588766055670e-04
3.271016061617837423e-04
3.332074834033749156e-04
3.337146820917569201e-04
3.172434507764387845e-04
3.054679519794989417e-04
2.977042362036774747e-04
2.896317340628229431e-04
2.894366339244447417e-04
2.964356714713067831e-04
3.083746147380939107e-04
3.147484040701975516e-04
3.207902277069241137e-04
3.245438179685367075e-04
3.252153938624324780e-04
3.229391983499141361e-04
3.118897746281490413e-04
3.029952821986814371e-04
2.987545114219170017e-04
2.996773035222055626e-04
3.078229567523571575e-04
3.201304559596884758e-04
3.300920315901789692e-04
3.347651732257261870e-04
3.328491616931827934e-04
3.259121738931058943e-04
3.163875565963536474e-04
3.103810671457596371e-04
3.064978399561768541e-04
3.056129663926432372e-04
3.009544194811919482e-04
3.010635576966569360e-04
3.052873334220551627e-04
3.124355138213186223e-04
3.197761360701489863e-04
3.250303398429910118e-04
3.294047188900917078e-04
3.315476592502530906e-04
3.177392664566180969e-04
2.978406964080360098e-04
2.858128430142103937e-04
2.841298771956157765e-04
2.922930631793496659e-04
3.072204264885636249e-04
3.237255039356679021e-04
3.361900238124659879e-04
