9.102825931208055055e-01
8.797453654404201462e-01
8.362861744907417183e-01
7.843288436432243049e-01
7.264613467611007458e-01
6.685635107990317572e-01
6.224752162116805598e-01
5.898807022136425271e-01
5.634655778982942120e-01
5.419331684497650237e-01
5.258311720819679458e-01
5.168728141910030605e-01
5.104991075017586422e-01
5.065976206817511818e-01
5.043731579667219966e-01
5.028886296836445613e-01
5.018866525648159049e-01
5.012938425005579735e-01
5.009258864387390320e-01
5.006787483557323393e-01
5.004986572267879907e-01
5.003675619561752663e-01
5.002799214094173497e-01
5.002149099897290618e-01
5.001666734099180500e-01
5.001332640088562709e-01
5.001099539849457321e-01
5.000971939234420960e-01
5.000865419443478732e-01
5.000776544976932581e-01
5.000702407642528824e-01
5.000631030267452815e-01
5.000571689693482647e-01
5.000519750488821025e-01
5.000477308793822573e-01
5.000440668082387630e-01
5.000447213703123062e-01
5.000464678976450639e-01
5.000479896758888154e-01
5.000493286526372927e-01
5.000505016355850652e-01
5.000516471150607822e-01
5.000527608138312097e-01
5.000542310129496570e-01
5.000555718038196540e-01
5.000566909521122483e-01
5.000583370340030420e-01
5.000635572797267336e-01
5.000685305896688249e-01
5.000731948395793491e-01
5.000769936209206179e-01
5.000802596151867618e-01
5.000832172139957343e-01
5.001050611653568012e-01
5.001241836278251807e-01
5.001476023310694741e-01
5.001753970704367891e-01
5.002020283172059489e-01
5.002279866589570689e-01
5.002560016566794943e-01
5.002847488119614994e-01
5.003042687169834135e-01
5.003222124833737183e-01
5.003547184461056840e-01
5.003703591166366316e-01
5.004040094381407844e-01
5.004514288818486811e-01
5.004982530085360093e-01
5.005482397131459926e-01
5.005840328971861153e-01
5.006140235116161019e-01
5.006445439957052379e-01
5.007148086829125155e-01
5.007634855641134308e-01
5.008082779568421294e-01
5.008351656394693929e-01
5.008937202134844391e-01
5.009558485218932322e-01
5.009886912748917620e-01
5.010136244238133640e-01
5.010740830487403485e-01
5.011114540705114972e-01
5.011283525576162301e-01
5.011123408401093604e-01
5.011063313846235712e-01
5.010934774086619470e-01
5.010986819628379108e-01
5.011332383605440199e-01
5.011609809606483168e-01
5.011773840724840223e-01
5.011233751449990503e-01
5.011284846386123704e-01
5.011109109920561799e-01
5.011213049718339363e-01
5.010968645895839124e-01
5.010842431044069123e-01
5.010537394790415266e-01
5.010640440655840244e-01
5.010846893325444640e-01
5.010981034733202888e-01
5.011410471256507737e-01
5.012567856598195704e-01
5.013544534251207496e-01
5.013665856300573154e-01
5.014064342951657371e-01
5.014413675900933898e-01
5.014892808970756732e-01
5.015079113861428128e-01
5.015632162085839063e-01
5.015530975232528332e-01
5.015343466070215639e-01
5.016202305799718486e-01
5.016993222104764172e-01
5.016734795633079891e-01
5.016028349634727990e-01
5.015586444719921655e-01
5.014715825922386738e-01
5.014253197872071688e-01
5.014178963042998927e-01
5.013326840795193640e-01
5.012477371180342756e-01
5.011650098100580708e-01
5.010872676116515656e-01
5.009935347527572080e-01
5.009138863751239068e-01
5.008243628641176892e-01
5.007426284275501294e-01
5.006594900013900951e-01
5.005800209500165243e-01
5.005042716689641624e-01
5.004489719250837521e-01
5.004086621120182876e-01
5.003706105622023337e-01
5.003377850064214538e-01
5.003210424714933380e-01
5.002962517203686232e-01
5.002763806237809918e-01
5.002601000918537322e-01
5.002566223091408082e-01
5.002562992180176193e-01
5.002568534905181830e-01
5.002658322216196884e-01
5.002666043940933172e-01
5.002651378244483693e-01
5.002683359904256388e-01
5.002741985500368527e-01
5.002914867501109253e-01
5.003135920351851063e-01
5.003325004299435941e-01
5.003357492017257435e-01
5.003441685173626308e-01
5.003448106113687066e-01
5.003513450531742457e-01
5.003530140414809146e-01
5.003706133509711051e-01
5.004768944022334187e-01
5.005743856617320686e-01
5.006963306740731534e-01
5.008058299112665424e-01
5.009951548522093567e-01
5.012344244697459761e-01
5.015103862589669337e-01
5.017280177322462897e-01
5.019534548206878721e-01
5.022799297756727066e-01
5.025868872710910207e-01
5.047778480259560441e-01
5.079529915535212492e-01
5.124824775024660051e-01
5.193876847913818651e-01
5.276286484271661692e-01
5.340154563324417403e-01
5.371278075091507898e-01
5.396780558126059724e-01
5.408593922252115105e-01
5.398315704149363459e-01
5.337832162393381097e-01
5.267431280644578884e-01
5.189997179937784200e-01
5.125652361312430516e-01
5.072853736657152446e-01
5.040999428855467146e-01
5.022629614655378383e-01
5.012735897927339535e-01
5.007249720393052161e-01
5.004267767826681146e-01
5.002530075736733028e-01
5.001585093959002304e-01
5.001036139212735598e-01
5.000706149748377349e-01
5.000509683408878026e-01
5.000376693677510698e-01
5.000283419499522708e-01
5.000218849120471321e-01
5.000172486417033824e-01
5.000138594611458487e-01
5.000112846996028759e-01
5.000094006425217508e-01
5.000079552601928157e-01
5.000067860612897874e-01
