5.023790341612358601e-01
2.687285921856223947e-01
1.671374206865675616e-01
2.114192281485697267e-01
2.452676375162994304e-01
2.231120428837087832e-01
1.813814712116674777e-01
1.636799017345669238e-01
1.671615452099520782e-01
1.790460955534620702e-01
1.866530882867846186e-01
1.853771147438137978e-01
1.785254925037564888e-01
1.723153895129962976e-01
1.666975357306005323e-01
1.629303220747618797e-01
1.691786123075176285e-01
1.728270365960753452e-01
1.723982502037537667e-01
1.719079076237572945e-01
1.680193345510718750e-01
1.662846530818339330e-01
1.609994767793199166e-01
1.705604457702135646e-01
1.663832945607336411e-01
1.689612130431017434e-01
1.742721589625704226e-01
1.645671314788056394e-01
1.621461479359560531e-01
1.645138945699602395e-01
1.662061688654797864e-01
1.667047449174109408e-01
1.675884221546004582e-01
1.674404809168323904e-01
1.636390699488113887e-01
1.661953519388653655e-01
1.660693184266409661e-01
1.659227540483567687e-01
1.676654056845944263e-01
1.670722489438503100e-01
1.667324050279538339e-01
1.665924288113889151e-01
1.703369638967282551e-01
1.645919961046383717e-01
1.660632570275172304e-01
1.645785247387123729e-01
1.640429024898244492e-01
1.659858447643276502e-01
1.662351520090455947e-01
1.655068047938341724e-01
1.658382658080972405e-01
1.653633649397642236e-01
1.673758294344019903e-01
1.660653048687490418e-01
1.660899035616520969e-01
1.660339113494941898e-01
1.644659095395063497e-01
1.631545877065414540e-01
1.661311192425108940e-01
1.659691923094109844e-01
1.670396118508312711e-01
1.660328888834264882e-01
1.628538578074258947e-01
1.660493995866157979e-01
1.738848550552417604e-01
1.649648633861222624e-01
1.660516031560570482e-01
1.668898869866997092e-01
1.652737050217993886e-01
1.626930634846024404e-01
1.660678593678101000e-01
1.657909093830434166e-01
1.628677210724549518e-01
1.663561465714848975e-01
1.659985379965763785e-01
1.659891206308956590e-01
1.659803235298090707e-01
1.660938509901365157e-01
1.635614178189348511e-01
1.627932805640353031e-01
1.660118961120997660e-01
1.627700189657030894e-01
1.604511947878773936e-01
1.640385267159339966e-01
1.661291907989260741e-01
1.659099402012753632e-01
1.659165287730643978e-01
1.661722082078295193e-01
1.654583324970793079e-01
1.631929465374691857e-01
1.645108265345913701e-01
1.659862371637711442e-01
1.684020557798069362e-01
1.635186607656962110e-01
1.660763142920873570e-01
1.659943730928119532e-01
1.627682402119029481e-01
1.614201076992952677e-01
1.663610718764013674e-01
1.645415933206015868e-01
1.660206144432874176e-01
1.658042634578470453e-01
1.613648248924721695e-01
1.660376439079536137e-01
1.658898588887407488e-01
1.604500912227554421e-01
1.690388655599079915e-01
1.658552809345960055e-01
1.657323676633474241e-01
1.658997566952428171e-01
1.674036483603338343e-01
1.660475518593341748e-01
1.670381270209978508e-01
1.659914804605516769e-01
1.672130041321051586e-01
1.659039852372427015e-01
1.661859328598093155e-01
1.658768021392039715e-01
1.657971272549868536e-01
1.672584749818335492e-01
1.658314476618133471e-01
1.626661559866890983e-01
1.671522705941979048e-01
1.635716165173042302e-01
1.657819546319129200e-01
1.658641817763512050e-01
1.657808322546466817e-01
1.657825816427680454e-01
1.657992238813603691e-01
1.627678436903480241e-01
1.643723968905583810e-01
1.657832096324685089e-01
1.664203782470353721e-01
1.658823025000656370e-01
1.671021584499249313e-01
1.617752519753961060e-01
1.667078814961666655e-01
1.660536984088468726e-01
1.660173795383458328e-01
1.645549313851886186e-01
1.658071562499171536e-01
1.647978589310524766e-01
1.650951441062240566e-01
1.638856235718377796e-01
1.636131276306005411e-01
1.658603751822244066e-01
1.658256729991353096e-01
1.659604118673405626e-01
1.658043817077349269e-01
1.697710858575375292e-01
1.662453792519442697e-01
1.660654431074497506e-01
1.660093928852509615e-01
1.657857660932887667e-01
1.644581831466871424e-01
1.628190233306999746e-01
1.665103223621784423e-01
1.659694691272367573e-01
1.660205617438321735e-01
1.658901194894991660e-01
1.659008900358606153e-01
1.659838446432645442e-01
1.630008285575058613e-01
1.660826795397990496e-01
1.626426816239423534e-01
1.661131265571313964e-01
1.655285949372682364e-01
1.658719061432313291e-01
1.630066916640848795e-01
1.621286630576332932e-01
1.659598184730807224e-01
1.627706896409983894e-01
1.659335987399687129e-01
1.658124165178770371e-01
1.658893225139252969e-01
1.627776821564017595e-01
1.687801941508437764e-01
1.622054445287192115e-01
1.671240857355580367e-01
1.660911069130258655e-01
1.658758330237825040e-01
1.670892115464468475e-01
1.629435708233727409e-01
1.651677012294621161e-01
1.638454795754463733e-01
1.667713329398594624e-01
1.613517713216842120e-01
1.616134622111250474e-01
1.620316461663995344e-01
1.612659905107777236e-01
1.663784509431411873e-01
1.675777630943915408e-01
1.662599021918496067e-01
1.612404000482592359e-01
1.643548456409171798e-01
1.643504517706771972e-01
1.657845211289535881e-01
1.672957338092357915e-01
1.628940665588882730e-01
1.628722802471961328e-01
