1.200935623214895998e-01
1.839280876797522168e-04
1.052579411844477564e-01
2.119106451941132896e-01
1.935201731944394821e-01
1.184349993276242463e-01
4.853074570986837255e-02
1.097617106521497909e-02
4.095087822031384661e-04
1.510675025599428345e-03
2.929367525352000179e-03
1.431923651041833168e-03
1.902890092734255134e-04
3.950977553941248388e-03
1.563929901731442307e-02
3.355690762602470123e-02
5.119575478358329157e-02
6.101425113011915702e-02
5.972165621057157203e-02
4.886400717583316844e-02
3.351031485171385160e-02
1.928241852350986996e-02
9.732761642810450198e-03
4.855214019796383340e-03
2.975659333941060858e-03
2.967470936414806637e-03
4.665360309242805315e-03
8.379506337943043448e-03
1.406198278627368570e-02
2.096800292346168160e-02
2.762997414427592613e-02
3.242875210966744692e-02
3.386145989575184423e-02
3.170839319392237954e-02
2.707016005550133553e-02
2.142640578947452301e-02
1.631985258090107305e-02
1.256478358838297726e-02
1.036383467561907690e-02
9.595331599413614576e-03
1.007612903722254760e-02
1.168374310159925322e-02
1.443029037133680692e-02
1.761520081088041589e-02
2.078228869234188814e-02
2.303440379894206025e-02
2.403631146659512829e-02
2.386218472151191428e-02
2.243170788744186517e-02
2.029223959119907938e-02
1.793427098811950504e-02
1.585939904439848114e-02
1.447375557615360187e-02
1.381944893847397715e-02
1.391257960545855266e-02
1.467707907604520745e-02
1.578512829342115786e-02
1.705918340245360376e-02
1.856672880913889934e-02
1.976988098983256670e-02
2.048120554666466031e-02
2.046168133761494534e-02
1.986983251236851267e-02
1.881884064202776763e-02
1.774833694368027626e-02
1.681388009836581876e-02
1.615063609590117188e-02
1.608810746660438440e-02
1.644105253717331738e-02
1.710404021768241467e-02
1.782254156087470509e-02
1.842063359870182992e-02
1.884965758652434875e-02
1.892870110634536918e-02
1.866755030789613024e-02
1.816406426675343244e-02
1.756793706242609776e-02
1.703309002511221859e-02
1.667252378244077349e-02
1.664812912375412957e-02
1.684559718204603485e-02
1.729139611953844913e-02
1.785237071349232707e-02
1.796902930136712317e-02
1.796881922789028696e-02
1.786217892784058847e-02
1.768673599135806018e-02
1.749392395174920178e-02
1.727792915587667011e-02
1.692345468828748700e-02
1.654181070885762939e-02
1.645953552136503184e-02
1.668232471932629135e-02
1.710756278873060143e-02
1.761668808300065336e-02
1.806655319677452631e-02
1.844218661569219098e-02
1.839742238208241787e-02
1.812401383566142332e-02
1.747856233837885576e-02
1.692518816943588966e-02
1.660223771583679842e-02
1.643648651291240714e-02
1.659332140875968697e-02
1.700323561187766508e-02
1.763249769991259708e-02
1.837474373394132332e-02
1.881811115051734706e-02
1.872353931096681912e-02
1.829636959141989205e-02
1.757127655386003795e-02
1.692336509155556445e-02
1.665896258234078608e-02
1.667895674136565809e-02
1.708670401229461788e-02
1.749379242802584500e-02
1.788352657972536175e-02
1.813945372112268917e-02
1.819340185235152063e-02
1.819001106951756430e-02
1.799240521172129625e-02
1.779771122524187454e-02
1.769035671398289100e-02
1.709245441811702015e-02
1.669975601758744155e-02
1.660679923145225168e-02
1.681194360204840699e-02
1.722841306856459642e-02
1.771134211921421286e-02
1.843005820675980289e-02
1.852168989611691075e-02
1.829305264600222802e-02
1.785122117395687713e-02
1.736224480232895218e-02
1.713339674805558488e-02
1.723063438840866102e-02
1.762124937174103234e-02
1.795555078133315163e-02
1.812702810531785502e-02
1.780886320337060624e-02
1.743859726650132114e-02
1.686874596670184800e-02
1.671188454550953661e-02
1.669961816525078468e-02
1.687549193563997463e-02
1.726281763378489931e-02
1.771536315640864778e-02
1.807326743720938378e-02
1.821922708378465039e-02
1.782085120795995348e-02
1.737344405347018839e-02
1.703517563054024464e-02
1.690874322876301239e-02
1.701566447717528519e-02
1.766326106234938909e-02
1.835559599146474596e-02
1.870319049241386811e-02
1.860537763915337539e-02
1.814170575283102771e-02
1.752032351969257107e-02
1.698010340933198137e-02
1.669950551728172083e-02
1.687835819889826894e-02
1.728172670468663963e-02
1.788629813183484352e-02
1.831830027416703199e-02
1.834985196581917499e-02
1.808524114878118372e-02
1.779326753219045987e-02
1.712827027740837504e-02
1.669128195924685087e-02
1.674571369820299083e-02
1.709011434445684152e-02
1.757607146565065559e-02
1.801179953003928524e-02
1.838099489266020736e-02
1.865330727227587637e-02
1.861996776833885203e-02
1.836193047912004772e-02
1.782448086912435947e-02
1.724438430955133050e-02
1.701703983522295793e-02
1.715459320441903301e-02
1.758586691036123639e-02
1.750590946258789860e-02
1.753741855869461741e-02
1.778006675864651775e-02
1.774057738754764024e-02
1.793934821985099237e-02
1.824111076148948740e-02
1.824308966711274405e-02
1.788330897630563410e-02
1.741738991819707927e-02
1.689001707365267446e-02
1.637380206858407572e-02
1.607916783391660775e-02
1.643673318493499291e-02
1.740506269119568294e-02
1.852203267085517080e-02
1.930852807558047779e-02
