8.018925499478865015e-01
4.230876712024168596e-01
4.132222222124160016e-02
1.122561434149339510e-01
2.327401534109617698e-01
1.428744458239803450e-01
2.230552227535143039e-02
1.206750759803087991e-02
8.608116943604759985e-02
1.412965654567264195e-01
1.369824575422503576e-01
8.722875391880591245e-02
2.988131589079034978e-02
1.131931251003082117e-03
1.171230607988804628e-02
3.505023296982734404e-02
3.832949406463370678e-02
2.006444715112942756e-02
2.502531862182633127e-03
4.063090808492098027e-03
2.206301460564019656e-02
3.932201812311975075e-02
4.262884460113203211e-02
3.133889729998295959e-02
1.424224409822960613e-02
2.512250259146253661e-03
9.934012999677221956e-04
5.266438354923463905e-03
7.276849878145474904e-03
4.255354364622876417e-03
7.319865972004180321e-04
1.986101164305309474e-03
8.297451576643743998e-03
1.489788821155002552e-02
1.681861078762025841e-02
1.315412265336635134e-02
6.834483170591210133e-03
1.962759078829701131e-03
4.718698926439168773e-04
1.000100130916115049e-03
1.205032017099760822e-03
6.193384530756018691e-04
7.173970426349596252e-04
2.755909177208804017e-03
6.014550706802901381e-03
8.279506878507425505e-03
8.022642930901935365e-03
5.613408277006959324e-03
2.789663372731121527e-03
1.056141666209375884e-03
5.132823730494839864e-04
4.715163045256876018e-04
5.244896354227313040e-04
1.004130382306067659e-03
2.286522076458519237e-03
3.983518619506520864e-03
5.082537615407778375e-03
4.903675094919401900e-03
3.667474863189079670e-03
2.185861797720400901e-03
1.162746974182726767e-03
7.532010470383543321e-04
7.104922930059043296e-04
9.666275749661279448e-04
1.654335798719097639e-03
2.666509115240467409e-03
3.536748802812517134e-03
3.755194423908148060e-03
3.231467053850134441e-03
2.332331315228919344e-03
1.545634438965493018e-03
1.140485102080646129e-03
1.067497196585165398e-03
1.266190892605933982e-03
1.721179386723115101e-03
2.292169013757505702e-03
2.762846386943573762e-03
2.895571193084034434e-03
2.633108572500986178e-03
2.141270658497229640e-03
1.686070108597559347e-03
1.423649805066373730e-03
1.387384317213524731e-03
1.586736755294970713e-03
1.915491714468253726e-03
2.310206097363098898e-03
2.559740225030471272e-03
2.581478608126741570e-03
2.349619151173709675e-03
2.042016736265028776e-03
1.740042813210385120e-03
1.568777047408653758e-03
1.570836069650027866e-03
1.729741004059093257e-03
1.977539423867802348e-03
2.208934215838342929e-03
2.316711996705800303e-03
2.299579386104033674e-03
2.145889102047493502e-03
1.943057366416311993e-03
1.742025294356075449e-03
1.712877619042041388e-03
1.784942237599063120e-03
1.973130635805731004e-03
2.155175884071103276e-03
2.230050932730764934e-03
2.173238401331656355e-03
2.069129283660209317e-03
1.911776556441147079e-03
1.802726770256057875e-03
1.757274539313846695e-03
1.810153354460775077e-03
1.932793415940103898e-03
2.100556704776934680e-03
2.200430404061148870e-03
2.159722225853477617e-03
2.039182713986176232e-03
1.948189176827264113e-03
1.922650311565354819e-03
1.923729314023070458e-03
1.948373176872353341e-03
1.983579985652017541e-03
2.002439573933867401e-03
2.006845019102421190e-03
1.998542055205443368e-03
2.025707565571410740e-03
2.061468219401230151e-03
2.055020840661780923e-03
2.010859700131595318e-03
1.954585230400596174e-03
1.914486738723075732e-03
1.907666407859665014e-03
1.986905381718861996e-03
2.090814336219826153e-03
2.128751575832588117e-03
2.086372083281662348e-03
1.993817990230573045e-03
1.863339274825626113e-03
1.805835344091955008e-03
1.827472121309514641e-03
1.971010491626512540e-03
2.108957555412849239e-03
2.136668398879271180e-03
2.085353445734350331e-03
1.971149496345026009e-03
1.873579909554945466e-03
1.838506580013055114e-03
1.847643867347037450e-03
1.892770745509975150e-03
2.014578411378087353e-03
2.100801907111260469e-03
2.106133934539733410e-03
2.041588536043414948e-03
1.959821309633347219e-03
1.932387116420519746e-03
1.876376960449510634e-03
1.877943533402648413e-03
1.929147546709475414e-03
1.964467856876206397e-03
2.057927557273298014e-03
2.101686682861925171e-03
2.065287082581912514e-03
1.983790524889395002e-03
1.864982285434635401e-03
1.845403672403378437e-03
1.952694561094259207e-03
2.052463754836364451e-03
2.101244062715612593e-03
2.074626968379678082e-03
1.995309327151306711e-03
1.914333055468508960e-03
1.955213517161658032e-03
2.070475617925393585e-03
2.191163771865012322e-03
2.176108861119852023e-03
2.047732657058043415e-03
1.885262622636107999e-03
1.797506150279182258e-03
1.770589252366616684e-03
1.818604524863820515e-03
1.908940369712786023e-03
2.000792395092765297e-03
2.113587503942970791e-03
2.161781402275408936e-03
2.094312342589721432e-03
1.933791770454829084e-03
1.819084260484160609e-03
1.764493565239999562e-03
1.812463448746859385e-03
1.953352018824738856e-03
2.100088838452029982e-03
2.073950894354692487e-03
1.909353631026400322e-03
2.028807238934615675e-03
1.905282112440676023e-03
1.991072534724969145e-03
2.047210165150636918e-03
1.955574650448932417e-03
1.784625979783349692e-03
1.802013014703396365e-03
