9.356853684392816284e-01
9.624130271026001271e-01
1.045730186403142303e+00
8.230768528660181715e-01
9.873886051370234229e-01
8.953985776524632234e-01
1.100711882720693202e+00
9.973682054920355311e-01
8.027192712515769379e-01
8.848135414468371041e-01
9.562577741557407585e-01
1.049649690877551000e+00
9.078082868715355858e-01
9.570597442071845373e-01
1.076858265635683765e+00
8.136096799080558828e-01
9.374963059715752944e-01
9.989967881308957631e-01
1.016374690804936920e+00
8.086839815137168985e-01
7.861155583314544115e-01
7.501041652819705474e-01
7.854101827014425830e-01
9.773810387642681841e-01
8.009606617131628248e-01
9.555722510138412451e-01
9.918247796808089545e-01
8.835497862681204184e-01
6.368023141108688501e-01
8.037918954130234273e-01
5.376696474747062471e-01
8.015316967883887589e-01
3.883289526552311521e-01
5.217026597548559685e-01
4.050666554410324860e-01
4.658088389763440640e-01
6.006641711263367434e-01
4.651433668387967568e-01
4.861804941586801432e-01
9.037441546081909083e-01
4.068034203111960956e-01
3.312440085738163065e-01
6.571776925007115633e-01
5.369848839430664267e-01
6.625661340242983144e-01
6.556121593675598991e-01
5.195934693347393774e-01
3.904770522547381661e-01
6.423314513283786553e-01
5.159229789753916329e-01
5.531601969290718124e-01
5.382579723086893253e-01
3.638947809650924237e-01
5.714731212890438172e-01
3.303019769930958249e-01
3.890013122682262070e-01
5.742070244470067752e-01
3.426917530187053584e-01
5.636579232545473328e-01
3.694966791762422931e-01
4.512596327713783717e-01
4.544040274766749654e-01
4.461817274117518828e-01
3.964360017172543493e-01
4.031863617904000163e-01
6.024145653046879545e-01
4.790626010190824902e-01
4.931919987676096628e-01
5.664586249213985347e-01
5.045918515343483790e-01
5.490910721326486277e-01
5.213557897958840393e-01
6.026236879429482940e-01
5.539493022415599155e-01
4.078085557985894338e-01
4.169662283637471933e-01
5.156015452014557354e-01
6.188001006099647094e-01
5.257364731380318457e-01
5.755430108607093587e-01
5.099371815855435752e-01
3.650513993556121495e-01
5.849371379005964267e-01
4.458792734777113909e-01
4.496105897614518510e-01
3.969982528661479826e-01
4.696418453419238803e-01
6.099057382131187754e-01
2.076418036949546631e-01
6.332020798346635893e-01
2.224877422208609845e-01
5.321170439796487628e-01
4.894723754806308280e-01
5.523494823459598191e-01
3.256045996899591399e-01
3.252104935955231202e-01
4.765143609061996965e-01
5.917744812050474978e-01
4.596577887305439702e-01
5.722791312446876555e-01
6.050807965348503625e-01
5.391645335969788011e-01
5.363026466136224801e-01
3.195798900036794787e-01
4.716853306509747323e-01
3.298826571543059805e-01
4.502789657808559109e-01
8.094972789594218066e-01
6.680186307068844975e-01
2.648432672374519958e-01
4.221695295217477994e-01
7.614662119980176724e-01
2.960681192220636637e-01
4.907465466753561101e-01
6.511730676664573281e-01
4.541760229171156737e-01
6.508797404730659597e-01
5.476277670533336028e-01
4.367149408025187141e-01
4.284693931965285474e-01
4.850145497146721718e-01
4.527483572828319147e-01
6.548056670709891947e-01
6.441816508134137198e-01
5.501988490801663634e-01
5.602670331788592861e-01
4.386735929087633989e-01
3.381353079248181626e-01
5.377772376511789076e-01
5.078997048658724367e-01
4.723762846430361595e-01
3.842265822752624072e-01
2.303693683343113197e-01
2.476553312576781352e-01
4.537158588542441473e-01
5.641595950532733994e-01
4.517529273964769887e-01
6.098251226852895446e-01
5.352336423280092959e-01
6.142201799418748331e-01
5.248414139925445809e-01
5.241899334474501293e-01
7.021362661665648819e-01
4.540177587525523473e-01
3.792342328986272326e-01
6.298616241509219504e-01
5.828830240504467852e-01
6.127356451200516307e-01
4.193614224328378048e-01
2.081080202019136571e-01
5.134056106335556091e-01
6.240716204792626787e-01
7.102469755155731423e-01
4.785014229634351191e-01
4.523185143043338963e-01
5.539041474172554658e-01
6.002307953545347186e-01
5.362724444139905788e-01
3.529123465238487301e-01
6.023985797337744197e-01
3.574280680665126164e-01
4.139477467593594140e-01
6.578373498513685469e-01
5.054609976546959871e-01
5.472713268217036520e-01
5.704618997462199692e-01
6.323005056117640965e-01
2.623739901498018945e-01
6.118630542247320836e-01
5.603224631107264209e-01
5.593973160836540615e-01
3.825430358519319451e-01
5.907239570827854669e-01
5.075381333853518084e-01
6.252111725833636724e-01
6.151452007085445040e-01
4.804139302118450860e-01
3.750897265392869606e-01
2.710672319139519892e-01
4.065949787573227558e-01
5.756843268002429514e-01
6.978976450031918466e-01
5.044789103037718991e-01
8.391935932574707824e-01
3.606239904532178020e-01
3.868322427339132563e-01
4.454886056264854011e-01
4.268423130427067003e-01
7.133215736183504685e-01
6.100738470090334431e-01
2.731700909808347788e-01
4.317979024681504185e-01
3.933690897525776720e-01
3.489852827894209808e-01
1.686359681695874801e-01
5.947285577604348727e-01
3.925106285641083437e-01
4.299036195421277462e-01
4.780129434470870020e-01
2.345032104968935993e-02
