9.669989314456779450e-01
9.506887269463228929e-01
9.260700050324276456e-01
9.075797571695428667e-01
8.796304795171991930e-01
8.535115205410030992e-01
8.223035377155509806e-01
7.871274896941076182e-01
7.462961256929554477e-01
7.062887511169073651e-01
6.658453554955070519e-01
6.302371294395144874e-01
5.975151445561298624e-01
5.701349513569109462e-01
5.489046562462226442e-01
5.341565723929468934e-01
5.248671955803675404e-01
5.190998783090354785e-01
5.158056070358756351e-01
5.131790606240255181e-01
5.108593864418871089e-01
5.091808530437178515e-01
5.077762674404691090e-01
5.073075218817308940e-01
5.068022253785054998e-01
5.064732360982066028e-01
5.065173342279600810e-01
5.064741690699636756e-01
5.064878841807401999e-01
5.063813252119895303e-01
5.060760105779830154e-01
5.058313907948410737e-01
5.056292320620726644e-01
5.054365815090189340e-01
5.052046084106613932e-01
5.049998527016863470e-01
5.048917513571808957e-01
5.047589640882574891e-01
5.045064329250245061e-01
5.043397466748026359e-01
5.042088100474719781e-01
5.040285683468888056e-01
5.039241745621524382e-01
5.038821113865232793e-01
5.037660227765646814e-01
5.036584601429284769e-01
5.035616856672836539e-01
5.034133139635132981e-01
5.033452690719653067e-01
5.033464165431043025e-01
5.033384797463695826e-01
5.032709962410640836e-01
5.031445543069426041e-01
5.030014762326413535e-01
5.028226902415791066e-01
5.026675981676544946e-01
5.038065926324234445e-01
5.051985041549029720e-01
5.070869455771864764e-01
5.093726822985860103e-01
5.120158934224730007e-01
5.143830329915892730e-01
5.164938681865105519e-01
5.184911495059822961e-01
5.204097563331966381e-01
5.220103343016297970e-01
5.233669582548643451e-01
5.248559465327403695e-01
5.266247479926039476e-01
5.275384928512893978e-01
5.275591772301451154e-01
5.277948987867854269e-01
5.271763502244395383e-01
5.263635238623204371e-01
5.251668669807594281e-01
5.233308150723871011e-01
5.217294120435200799e-01
5.198273458723380314e-01
5.179496860998625829e-01
5.163550394473315208e-01
5.151731753703490124e-01
5.141879761948526806e-01
5.129797659857460168e-01
5.118609212412185139e-01
5.109823237670707563e-01
5.100256062721004735e-01
5.096392076904906476e-01
5.097427731484944768e-01
5.099103499283588192e-01
5.098219476604697320e-01
5.098004585412767575e-01
5.098781212005980557e-01
5.099300550978377311e-01
5.101825897407312738e-01
5.103426429388537855e-01
5.103135871884461050e-01
5.101037694894087204e-01
5.100197913164735697e-01
5.099045846872154453e-01
5.098810959611219662e-01
5.101264937330843852e-01
5.099774322035444118e-01
5.097793267249915994e-01
5.094210977061629508e-01
5.090592394770996343e-01
5.087134889667056514e-01
5.084088581404245799e-01
5.081815700447600559e-01
5.079683851133673933e-01
5.078705284527639252e-01
5.076587663946061646e-01
5.074326742191852535e-01
5.069971059504223554e-01
5.065653550706307184e-01
5.063369114178155606e-01
5.062786938721287600e-01
5.062948992021711891e-01
5.064097024498087629e-01
5.064543005903329176e-01
5.063632680690708376e-01
5.062331345912041147e-01
5.061673479846051649e-01
5.059948788447385937e-01
5.058442107131138066e-01
5.060798865638831412e-01
5.065908219827057746e-01
5.071507710603636587e-01
5.076650996188868392e-01
5.079054609924151809e-01
5.080894574057199797e-01
5.080831887891001930e-01
5.078830732110383162e-01
5.075815869307152006e-01
5.071076471377327088e-01
5.066831270243135066e-01
5.063510417294789789e-01
5.064153023921454944e-01
5.070480250681138612e-01
5.074742615667396928e-01
5.082894086708301673e-01
5.089196663718562608e-01
5.097056834740886222e-01
5.107276357568379943e-01
5.115046698540580694e-01
5.126963382919063061e-01
5.140257684355220569e-01
5.153315698795737365e-01
5.161364660308271901e-01
5.163687416723365953e-01
5.237026612777737622e-01
5.358518560932536978e-01
5.549088889167327343e-01
5.805840138278213214e-01
6.093953697987316565e-01
6.324033330346485737e-01
6.437326231094998574e-01
6.573303275601860562e-01
6.623152048718135010e-01
6.556113983340565721e-01
6.447594296826024696e-01
6.318247636068334838e-01
6.188019540112232875e-01
6.064397692213732149e-01
5.935764964966374624e-01
5.825941468053957850e-01
5.757761852087321941e-01
5.685737793944781737e-01
5.610877142742145551e-01
5.528958261975420729e-01
5.462669435077810443e-01
5.394130603976937666e-01
5.332156941175005826e-01
5.274955281475074420e-01
5.227245586122465371e-01
5.191968880510058337e-01
5.160296350262059129e-01
5.134484815238983257e-01
5.114309679546360510e-01
5.097749798979633873e-01
5.083863126969607737e-01
5.073101984024352973e-01
5.065068931696736776e-01
5.059483810167574314e-01
5.053866383090666048e-01
5.049862574432659734e-01
5.046786069846175282e-01
5.044352239670568672e-01
5.042632364116388377e-01
5.040816853716193480e-01
5.039410755829336619e-01
5.038070456253745943e-01
5.037562841670288893e-01
5.037131311082718721e-01
5.039696308079156806e-01
5.042569366603937286e-01
5.045949538298863946e-01
5.048582875897680289e-01
5.050918049599495419e-01
5.053274946146704139e-01
5.054795878559370514e-01
