9.748427212676887832e-01
9.797706379726274228e-01
9.747291378125739758e-01
9.608282674653234601e-01
9.458722906800567376e-01
9.341937439861039971e-01
9.163085546935516579e-01
8.937806726985959571e-01
8.766749636097210807e-01
8.628527858583509014e-01
8.484092023261086135e-01
8.365809047935133247e-01
8.255714004618237567e-01
8.135945546287133290e-01
7.979179442677262202e-01
7.793348746391371984e-01
7.591687923867607157e-01
7.395819767556379709e-01
7.194791084476150900e-01
6.969159748135047572e-01
6.763815391278368283e-01
6.545880085937137993e-01
6.334236233460308618e-01
6.147914807950126681e-01
5.965020243433261093e-01
5.789822259721905118e-01
5.634256222996794072e-01
5.512766988982187311e-01
5.416748989245709911e-01
5.330517445230424922e-01
5.256644817602598163e-01
5.200573035797088073e-01
5.159534196342118184e-01
5.125856063054987644e-01
5.106925475097037204e-01
5.091322760523114832e-01
5.077540272423513024e-01
5.063958780366790702e-01
5.054442335257920416e-01
5.045319086899063832e-01
5.036981480044921966e-01
5.030221217260544275e-01
5.025579522106498054e-01
5.021759737572824012e-01
5.019585221514973883e-01
5.017705089591252277e-01
5.016209490804105497e-01
5.014614676910681412e-01
5.013765478975794609e-01
5.018618519340511952e-01
5.023972626177461986e-01
5.030458494902123601e-01
5.037312000310435467e-01
5.044312687749601398e-01
5.051367997065316917e-01
5.058245663818439208e-01
5.065238487557347513e-01
5.071964350873465754e-01
5.078104753936888427e-01
5.083013033835688255e-01
5.086995649233080341e-01
5.092240365133414715e-01
5.096204415427236789e-01
5.098839489707719386e-01
5.100303666146991377e-01
5.103342353957469602e-01
5.107071041084252361e-01
5.109269647755299015e-01
5.111646567027741117e-01
5.116514407111967255e-01
5.120264549471837956e-01
5.127863702248722788e-01
5.132998197428466636e-01
5.138387970193765142e-01
5.139525500131326696e-01
5.142912776912911266e-01
5.145341349421750365e-01
5.147705277770531218e-01
5.152067765766877860e-01
5.154422957425082163e-01
5.157711305038973348e-01
5.154871232048919838e-01
5.155123920041257968e-01
5.153946412188263881e-01
5.157057457785163557e-01
5.162593316937670318e-01
5.164068646822519426e-01
5.162776077939674746e-01
5.163586452734740817e-01
5.160229610422046864e-01
5.160539376262081035e-01
5.161009391804003421e-01
5.160027001263187696e-01
5.152938950686852815e-01
5.149694266113302721e-01
5.150535705261376496e-01
5.149356871795265356e-01
5.151415593210875166e-01
5.153682364840068697e-01
5.156943226581376383e-01
5.158766834854080496e-01
5.157097193330646423e-01
5.154172466628340610e-01
5.153326334527218444e-01
5.152244121478011252e-01
5.146699640616502203e-01
5.142653460454076342e-01
5.140299156547906145e-01
5.137387951427753174e-01
5.149090606557547023e-01
5.166825821854685863e-01
5.179307019328445172e-01
5.188824987326857707e-01
5.195997775003133867e-01
5.201612878861842093e-01
5.201846070177307269e-01
5.201222991159726305e-01
5.212881190578050328e-01
5.221493939124024486e-01
5.223921697093429906e-01
5.226584799238480628e-01
5.227658962250435470e-01
5.226250715141343983e-01
5.221743883198388669e-01
5.205389132457057810e-01
5.185196661484317016e-01
5.159550160248250750e-01
5.131638766302117904e-01
5.097581843939275048e-01
5.048268899704173585e-01
4.945844761885660468e-01
4.799114156524946218e-01
4.586192171421403785e-01
4.364147137986975622e-01
4.264184692537610344e-01
4.730269478962850771e-01
3.505408973414710916e-01
3.128864316680435298e-01
3.571067430098002760e-01
1.875857463228649546e-01
1.291406054997408237e-01
2.408143355500445004e-01
1.047268180605109844e-01
1.829385308912917507e-01
2.328248042084073433e-01
8.988164767727813143e-02
4.869329410258116386e-01
1.334965361766466962e-01
2.972981749450529509e-01
3.503597538937510691e-01
6.180888218524516198e-02
1.396462673030389734e-01
1.424865600109208597e-01
1.026249089909023748e-01
1.689511685703837252e-01
2.132012779757181953e-01
1.214963721600434976e-01
9.735127921600095213e-02
1.835595366529914063e-01
2.160431855441933280e-01
1.393850683874544583e-01
7.320922969621590504e-02
1.102470933760175686e-01
9.746259628226217053e-02
5.518261789072487211e-02
3.252801339460531516e-02
3.791413169309243436e-02
5.259063602966107531e-02
3.902513918155370298e-02
4.741438652773211082e-02
3.312777645679099159e-02
2.031877706687068574e-02
7.698733425200621205e-02
3.185603955380145180e-02
2.023624651815914000e-02
2.267425788186039348e-02
4.984915721248139864e-02
2.437983746227700976e-02
6.749785111130890414e-02
1.479605039389180199e-01
2.463109353008974267e-02
1.452854331138813127e-01
1.740671874886561277e-01
8.238381812080319833e-02
3.529080546306673227e-02
1.597270984595295928e-01
1.280406425551889882e-01
1.709837533285507583e-02
1.585844826368680849e-01
1.781006533011409987e-01
4.860872591036269341e-02
6.237522315039378817e-02
1.522853285646963428e-01
1.402232589956655673e-01
6.635203407318801538e-02
4.845517514819874805e-02
7.899112560928600590e-02
7.162766620507787785e-02
5.445019943179563171e-02
5.866472679360135167e-02
