4.124965267995379659e-01
1.796543313002209041e-01
1.286321487152457532e-01
1.715203493474638519e-01
1.864165116081497597e-01
1.560320235459480287e-01
1.272910129226971776e-01
1.251554168319689575e-01
1.315601594707177524e-01
1.376211069914918816e-01
1.438699236508029777e-01
1.448025440778627493e-01
1.315371987219117189e-01
1.283622691310268848e-01
1.223175314905958766e-01
1.273460612711605489e-01
1.315777972077148972e-01
1.380158484314435441e-01
1.330317131474936243e-01
1.218666016461991131e-01
1.309295897480885484e-01
1.223398781094775511e-01
1.262626785343272662e-01
1.243735305483503195e-01
1.319821553814771731e-01
1.267784979170792914e-01
1.269742390442619717e-01
1.259840520743421566e-01
1.235940544322439161e-01
1.232724045767309429e-01
1.219655531228555079e-01
1.277620249303583755e-01
1.301004544911421590e-01
1.281589941253925558e-01
1.270177441708929544e-01
1.288565523794693579e-01
1.306839390925421673e-01
1.218540465654907035e-01
1.185479358440241215e-01
1.259310925493142275e-01
1.235058226302230278e-01
1.229786268542644168e-01
1.218538615558469873e-01
1.240630759029700547e-01
1.257072485381627303e-01
1.255225305074412212e-01
1.289437425610348020e-01
1.293584158747456136e-01
1.236214172479800366e-01
1.229884046369381645e-01
1.199339796440850314e-01
1.241819061495834653e-01
1.193560537424671608e-01
1.189171061802420937e-01
1.231083794671846698e-01
1.233670457276722088e-01
1.159922769934320641e-01
1.260155933859631316e-01
1.211563910655132359e-01
1.255299631926365400e-01
1.285685228573711925e-01
1.205624158770640664e-01
1.172860431037616724e-01
1.236837758819114841e-01
1.237461462227434916e-01
1.295988325619609194e-01
1.240343253937394863e-01
1.178488490117453047e-01
1.235177997594908428e-01
1.222536165802164954e-01
1.281390506723144584e-01
1.287184094044536709e-01
1.168340478172398278e-01
1.269312534591054975e-01
1.204279394363824141e-01
1.267934908415202511e-01
1.274457666214988683e-01
1.241616733456737398e-01
1.302467497374644179e-01
1.237848839819786217e-01
1.232176717476106687e-01
1.233385850762472868e-01
1.285888025868847651e-01
1.252453744238916089e-01
1.284977136233365069e-01
1.288210126294724311e-01
1.234408923790263346e-01
1.288785966188433774e-01
1.172296468521725199e-01
1.254264470656886177e-01
1.211302745506835921e-01
1.229078410297810287e-01
1.271307299815467307e-01
1.300370413512798029e-01
1.234622315433929751e-01
1.193731488436915456e-01
1.237136386674260180e-01
1.237912693202725123e-01
1.282359783415745191e-01
1.267786789374244494e-01
1.241570089480310557e-01
1.277201631412162586e-01
1.252135146675579236e-01
1.249540948684173536e-01
1.157375143258954076e-01
1.300807532402097344e-01
1.232266175961576060e-01
1.267905928275067096e-01
1.275098591449750352e-01
1.245999416676412119e-01
1.237160053570187657e-01
1.223971887494110788e-01
1.215639783916222516e-01
1.228323962497236410e-01
1.267530843795239281e-01
1.242014891511749042e-01
1.250551024989476900e-01
1.207347589087417461e-01
1.219434440167165290e-01
1.289579650118563015e-01
1.246813226177053702e-01
1.232495044829758912e-01
1.267734421972391834e-01
1.252623550109676076e-01
1.280117801226751117e-01
1.250759587978285126e-01
1.253731892742225851e-01
1.298426482192738263e-01
1.284224078842194361e-01
1.251299087386480435e-01
1.271550216061388960e-01
1.258080943095094550e-01
1.271396857115166812e-01
1.265244433249460565e-01
1.237440239771123718e-01
1.205649077202012309e-01
1.217270706503630340e-01
1.291387251369385814e-01
1.238263560068113556e-01
1.237975356582319275e-01
1.235749022327483626e-01
1.222713718286420059e-01
1.198071104052726987e-01
1.197190858660905910e-01
1.186747050572324325e-01
1.207909380675635802e-01
1.188649741773264434e-01
1.237667542155351796e-01
1.195318186952653017e-01
1.233516128848338722e-01
1.253540484825700352e-01
1.165260955409067600e-01
1.197926387393084546e-01
1.289464054709213992e-01
1.161297749224143860e-01
1.262294919047559638e-01
1.193341846753733781e-01
1.206703954218732999e-01
1.264552381902046552e-01
1.272404212018625191e-01
1.261347005338887550e-01
1.223138973184455525e-01
1.252037572810373867e-01
1.239669491788961686e-01
1.284100888171977317e-01
1.256195094159846537e-01
1.269166596315581819e-01
1.249406031000372952e-01
1.285839246677289438e-01
1.255346502359730998e-01
1.279405790238615781e-01
1.266965699599544859e-01
1.159885277505522394e-01
1.280440725767703070e-01
1.237855507521780085e-01
1.241457058604575892e-01
1.235035033884349653e-01
1.240950804081916159e-01
1.231435145735224612e-01
1.243494811882175366e-01
1.169219992400124530e-01
1.185635660674267955e-01
1.206105989854596716e-01
1.275059333743233658e-01
1.225748255641170292e-01
1.280502156395635360e-01
1.176498677956075989e-01
1.126874008539116012e-01
1.218851937310029276e-01
1.273640237190999391e-01
1.259463859174738687e-01
1.200554703675345003e-01
1.235123252757445167e-01
1.238183107993779952e-01
1.202992423228339547e-01
1.264643247913797008e-01
1.230775207309171559e-01
1.286696373556378559e-01
1.250161674582461746e-01
1.152602978683872070e-01
