1.200935684542705495e-01
2.558491709482302312e-04
7.539860117812147156e-02
1.204066528175659068e-01
8.395694960640875948e-02
3.192102152565301498e-02
3.449455400152734441e-03
2.366899631237484591e-03
1.386823887794441656e-02
2.213605827662579184e-02
2.206645238858717661e-02
1.445771494566017168e-02
5.523719852474684444e-03
4.665724766633738696e-04
1.761940386602489639e-03
7.830773073592700584e-03
1.374378039552481834e-02
1.533096662189592507e-02
1.210505176547149730e-02
6.655228174649252537e-03
2.115820923521471997e-03
2.303809751852403664e-04
5.938586707233683981e-04
1.657614832158427198e-03
2.280024339410546830e-03
1.952982787948087662e-03
9.953368804056506036e-04
2.405750966962827420e-04
3.783988538469396090e-04
1.487907554543199673e-03
3.020207319806900159e-03
4.113100255235924152e-03
4.178112587527538224e-03
3.267616370573600548e-03
1.987082602257772557e-03
8.882542129845516499e-04
2.973597258144611288e-04
1.690188879850396120e-04
2.331391679196714861e-04
2.540132034009046080e-04
1.930119879367531155e-04
1.808352944436819598e-04
3.883509426456654978e-04
8.314121463929291522e-04
1.367188301292676655e-03
1.719200469544213128e-03
1.767976811288041183e-03
1.512171849565646653e-03
1.084465246582899667e-03
6.761847935851106328e-04
3.959469921427372086e-04
2.506792105715360819e-04
2.066142541357063322e-04
2.105175394714331460e-04
2.614404783118917663e-04
3.862295468197718407e-04
5.723689623395866732e-04
7.796268422504137874e-04
9.577301466027199339e-04
1.033453812254392368e-03
9.998889840227009884e-04
8.641336882562189459e-04
6.884165332825542549e-04
5.289386311966293164e-04
4.182826459636634908e-04
3.661768602331028077e-04
3.619392201329452163e-04
4.173759409235033857e-04
5.160691283156992881e-04
6.379124729253282666e-04
7.478765097640449611e-04
8.098517796382154188e-04
8.071990576549170626e-04
7.441428327118471131e-04
6.486386553481438000e-04
5.532088797126633040e-04
4.815218028094703229e-04
4.437474044873823686e-04
4.477555679942568645e-04
4.837764390813736881e-04
5.423922235470168829e-04
6.113068905196916702e-04
6.809048413898288743e-04
6.799252683277190457e-04
6.513924854356645255e-04
6.070070788944947893e-04
5.614166489789074177e-04
5.265077752771851749e-04
5.042683889796562013e-04
4.774677098082769078e-04
4.578824083663057820e-04
4.703708454047994536e-04
5.190313278912173089e-04
5.919052741126806794e-04
6.597478240303322750e-04
7.006556416108145058e-04
7.040307191624739502e-04
6.438695084056700324e-04
5.745360844739977324e-04
4.940080500263066554e-04
4.495032312838986854e-04
4.442199553039705151e-04
4.542507923693817062e-04
4.976847103359549607e-04
5.635173780598190518e-04
6.450717740362765795e-04
7.104701091942278168e-04
7.296744125685483695e-04
6.845622741894485941e-04
6.136747617241367081e-04
5.310856650436734938e-04
4.763595695642663941e-04
4.704863678806070482e-04
4.959013670581269295e-04
5.596227726196723040e-04
6.033057586263268490e-04
6.366832983231152099e-04
6.487634782396112243e-04
6.371895854107023638e-04
6.244504019354835123e-04
5.986192272643409140e-04
5.717051994514887880e-04
5.655539584470403724e-04
5.158195553158773095e-04
4.920695645382888728e-04
4.969111489556699013e-04
5.266542485402592177e-04
5.715962678254360441e-04
6.168075504661141295e-04
6.681308470232183438e-04
6.516033776646779074e-04
6.126204714280714114e-04
5.677165908687387130e-04
5.326439916826242182e-04
5.318638099875983016e-04
5.492383845628889816e-04
5.926645707087230264e-04
6.287694257874898440e-04
6.447588732033660008e-04
6.035636802007582347e-04
5.596251871418100876e-04
4.997332056914105536e-04
4.810296654479406797e-04
4.751702902637822135e-04
4.856414173630696496e-04
5.265104310423485146e-04
5.841472469604314099e-04
6.377204679494097306e-04
6.665615484815479164e-04
6.040981991669580609e-04
5.428247189850354815e-04
5.029590531114846996e-04
4.933901592175660156e-04
5.135667893078066371e-04
5.825226517668369297e-04
6.512057122974868051e-04
6.890746831281768792e-04
6.815064587470942570e-04
6.363695251520029572e-04
5.768198559694681649e-04
5.270562845843818067e-04
5.022386057581540442e-04
5.087313946039451196e-04
5.398210436595718420e-04
5.859556170522139951e-04
6.268825883957163114e-04
6.380655840496629594e-04
6.254336429236673212e-04
5.990434360485519250e-04
5.464919892599340301e-04
5.130865816462826245e-04
5.094357532546833767e-04
5.312823935523791619e-04
5.697379911818734044e-04
6.095506038318321274e-04
6.371059526146805041e-04
6.475915301308310390e-04
6.581907034932665823e-04
6.563092431637329582e-04
6.237152806318757570e-04
5.779564724887054084e-04
5.570971403516811193e-04
5.492434144488411718e-04
5.625943224082385896e-04
5.311642253718051876e-04
5.043879411206209085e-04
5.272944391963019228e-04
5.367220375877002070e-04
5.738820451226533947e-04
6.316626813680503716e-04
6.640086127146505035e-04
6.465519929562679735e-04
6.034967904879895428e-04
5.238319557449022668e-04
4.469173206195220516e-04
4.013144334999996232e-04
4.239058099957393466e-04
5.238309198001278588e-04
6.555632467880601055e-04
7.587691994943579488e-04
