5.224695164299242300e-03
1.395468454934367664e-02
2.420462483330165782e-04
2.414620972106695795e-02
5.754645470878494429e-02
5.971409566907148747e-02
3.633635029165138697e-02
1.190781512662586472e-02
1.227028583227984804e-03
2.300544707620755247e-04
1.814811169641439292e-04
1.387367998563981963e-03
8.389643356613851743e-03
2.031552961616645003e-02
3.035410612137012798e-02
3.232049249917268163e-02
2.590004516813937396e-02
1.557523959971807148e-02
7.083339797253396242e-03
2.719600143317291163e-03
1.517276806658141020e-03
2.147467561595228780e-03
4.921812226579946881e-03
1.021079732178109545e-02
1.650605621884015939e-02
2.079338450880297007e-02
2.086917011254563192e-02
1.692664740202054485e-02
1.178351131035548782e-02
7.416694619927111098e-03
4.908959373322918651e-03
4.258114447821981230e-03
5.049759749634730177e-03
7.371603934804404901e-03
1.064749991324343004e-02
1.366767451503403397e-02
1.507644087329562677e-02
1.444256306021018954e-02
1.224831734779019410e-02
9.426945355191840292e-03
7.349413868092402602e-03
6.444786092995480331e-03
6.763458992891990817e-03
8.146727583355328761e-03
1.003911716617533756e-02
1.170883778047793200e-02
1.258862016035078302e-02
1.237978257236083124e-02
1.122434677705086425e-02
1.002662822470412607e-02
8.928681906083313358e-03
8.205030277013469764e-03
8.239574156808870953e-03
8.798359488700779885e-03
9.790893641032916150e-03
1.076917489054007859e-02
1.135724610091259912e-02
1.127358116151466749e-02
1.066425765287160043e-02
9.843876144374763548e-03
9.353848494085048593e-03
9.130457602708141884e-03
9.236906278323187003e-03
9.603451823606556914e-03
1.039970199091644343e-02
1.090914256010910854e-02
1.055151676674470629e-02
9.930797448060468824e-03
9.708303439019294601e-03
9.580462690230606704e-03
9.640390533445009069e-03
9.625773208316479312e-03
9.724297705325013474e-03
9.881418550502618636e-03
1.001943439728436580e-02
9.839358127358033279e-03
9.691765114512196355e-03
9.642856194780224932e-03
9.526649950477472650e-03
9.968049899952480253e-03
1.013912946594774933e-02
1.001948347890668778e-02
9.663049141109492091e-03
9.445836093620485485e-03
9.459329830670770711e-03
9.676659310739132991e-03
9.973733878375412587e-03
1.019294963857586556e-02
1.002775470691208426e-02
9.801133534633854616e-03
9.684910852717831808e-03
9.468823391831526770e-03
9.485331720758272134e-03
9.767153170789910632e-03
1.008127382418155804e-02
1.025348576271856160e-02
1.019267963821479661e-02
9.711424560032932973e-03
9.375381034105845224e-03
9.357672158206153945e-03
9.895443125347180846e-03
1.037924352169827813e-02
1.051813768750808897e-02
1.025521769838444452e-02
9.791441088482955024e-03
9.426806823874422925e-03
9.835422665030901790e-03
9.979002016726190583e-03
1.011721203821358550e-02
9.878838892893204715e-03
9.660323034424544986e-03
9.596366116708887617e-03
9.406036438175280345e-03
9.313939855893460518e-03
9.574151735044056366e-03
9.999466322792804895e-03
1.008683211222749510e-02
1.002794383968264036e-02
9.866815414538043782e-03
9.723323195441446742e-03
9.764111437581712849e-03
9.675470186362500336e-03
9.368254662360908647e-03
9.436587382341987684e-03
9.801366310012271654e-03
9.940931676818198781e-03
1.001670310505564654e-02
9.979246971215882667e-03
9.938887187552425395e-03
9.852129460540037798e-03
9.786714954595487903e-03
9.788238580098251873e-03
1.026619019923458165e-02
1.047085416844417693e-02
1.020748166938834078e-02
1.032707092875939647e-02
1.009430441971115311e-02
9.794715276475463028e-03
9.582732130236304435e-03
9.606108835279680846e-03
9.570919294418334111e-03
9.571824655484229005e-03
9.799434894189329448e-03
9.801526525675785528e-03
9.855923847927772208e-03
9.915910692442686525e-03
1.057684235733924449e-02
1.062289946447858568e-02
9.920751464559285360e-03
9.620816932098263941e-03
9.619052354710611041e-03
9.898914605841691028e-03
1.013141674315098939e-02
9.811326184760105207e-03
9.359070917705047954e-03
9.750919438267446893e-03
1.049754091255605815e-02
1.034440308827455635e-02
9.891288378282014904e-03
9.294537537637981295e-03
9.260041117291284429e-03
9.769319431502831996e-03
1.032111947036717936e-02
1.056456981264464190e-02
1.023988983580503831e-02
9.335714429292596428e-03
8.945586105033265234e-03
8.720946712459709538e-03
9.445624082984216408e-03
1.099318060860110524e-02
1.152528805419472668e-02
1.028964329581261161e-02
8.904669520017782780e-03
8.331557250384702407e-03
8.830807360357240121e-03
1.017859115861308172e-02
1.120497656074115334e-02
1.100456896986623523e-02
1.006577230283567381e-02
8.855382299058467410e-03
8.643033439387215466e-03
9.260178771840821277e-03
1.037805481245979156e-02
1.066810643584203966e-02
1.034113689126692215e-02
9.641650964616665931e-03
8.986932176733297695e-03
9.172384699336788572e-03
9.726424664774913076e-03
1.037369941309729260e-02
1.050962059655702330e-02
1.004991523579290558e-02
9.480498644305890288e-03
9.327833932962215080e-03
9.685268213978082130e-03
9.594029395526004755e-03
1.027902547855663595e-02
1.052462792963404503e-02
1.012721966281981967e-02
9.381282486170983148e-03
