1.014963692391077643e+00
8.291869009350998354e-01
5.555279230987277828e-01
2.378730466060973159e-01
2.218221056341806996e-02
-4.128965427170627756e-02
1.584566709029955334e-02
6.959640441039316450e-02
6.232357542750088797e-02
2.337096497266055728e-02
-1.870323164599718702e-02
-4.092241139820695928e-02
-3.625762163493218004e-02
-2.211746691644789209e-02
-1.175792313031953640e-02
-1.022938020223018718e-02
-1.286038871295924757e-02
-2.321426920084235235e-02
-3.508705786032684237e-02
-4.226452986732143202e-02
-3.945504101571750688e-02
-3.462626637606236457e-02
-3.006334813193456412e-02
-2.620726199429590508e-02
-3.046131616487390836e-02
-3.405344782157770922e-02
-3.901002360893057741e-02
-4.126418901517170390e-02
-4.139138206119707952e-02
-3.724921347665866023e-02
-3.758843958653113049e-02
-3.728357454527220227e-02
-3.772182018496872402e-02
-3.920698232987129828e-02
-4.105346720997204990e-02
-4.015435911116660428e-02
-4.037628926099845472e-02
-3.964469747277465927e-02
-3.990627441049099389e-02
-4.101396010916258383e-02
-3.861351279664360092e-02
-4.053066984463016276e-02
-4.261840056484889061e-02
-4.072921348382330109e-02
-3.806418052108462291e-02
-4.041254501333346738e-02
-4.046898170349955137e-02
-4.039320838248605661e-02
-4.084725558741442164e-02
-4.015302740621029542e-02
-4.287723413965749408e-02
-4.041484165074415991e-02
-4.038955893917850482e-02
-4.111826970738641229e-02
-4.039390247755259011e-02
-3.805317005638864103e-02
-4.149803768761417544e-02
-4.142369208000307168e-02
-4.203210416237745939e-02
-4.162875115771869083e-02
-4.332250882043142681e-02
-4.193866286390002251e-02
-4.138860486758177970e-02
-4.213198447386012901e-02
-4.091418286797021686e-02
-4.178417927340394300e-02
-4.146982658967957036e-02
-3.954931513601400717e-02
-3.940275204043652835e-02
-4.287402157358943811e-02
-4.317712870631473798e-02
-4.055908343749714540e-02
-4.038310841128400774e-02
-3.987951450909199558e-02
-3.977448348953904755e-02
-4.186295159545494471e-02
-4.121904178334512281e-02
-4.196455810420807175e-02
-4.026264404734836155e-02
-4.299398370069074105e-02
-4.060737109249989985e-02
-4.011054180014572701e-02
-4.144568987247976288e-02
-4.000626004746643538e-02
-4.302656806430760206e-02
-4.000906354789801611e-02
-4.177409189088421293e-02
-3.962760631308093195e-02
-4.173439317255822623e-02
-4.102418053814438359e-02
-4.311425097546650598e-02
-4.033981236732531173e-02
-4.160028015285210934e-02
-4.180603296056450979e-02
-4.139039884600625996e-02
-4.031771274922557602e-02
-4.041998994959405955e-02
-4.055516135233050434e-02
-4.203316874790963276e-02
-4.192612924909866479e-02
-4.348332672958177270e-02
-4.045653649733771395e-02
-4.035250377868826455e-02
-4.068960241078856122e-02
-4.177764820823104408e-02
-3.954898135620399380e-02
-4.005233582347411669e-02
-4.067784098558124839e-02
-4.311501750235091635e-02
-4.155308514889122229e-02
-3.973221947740790405e-02
-4.156487430302169273e-02
-4.133467682651303932e-02
-3.888031076811993003e-02
-4.157790298885721825e-02
-4.027984707768927919e-02
-4.173444155743388784e-02
-4.050155869698146560e-02
-4.026760426629216738e-02
-4.149074555647436213e-02
-4.173446993796026128e-02
-4.015365643734836176e-02
-4.117329834676564104e-02
-4.123420351228523906e-02
-4.168133363893300469e-02
-4.049513492793010982e-02
-4.054202990768795978e-02
-4.095097775774036997e-02
-4.186940292023533239e-02
-4.148710042458669811e-02
-4.165709760582592125e-02
-4.165048891976841361e-02
-4.104023462999295546e-02
-4.079507182451624914e-02
-4.140851140653456497e-02
-4.100633637521666763e-02
-4.145761728795638312e-02
-4.325276744794726014e-02
-4.143888704410780832e-02
-4.125906782390820204e-02
-3.947025079440980022e-02
-4.170550534813832755e-02
-4.274646286663363881e-02
-4.222509263470919372e-02
-4.058497494197643718e-02
-4.100463601932302637e-02
-4.131083821038084025e-02
-4.287804504166303765e-02
-4.335239395664292061e-02
-4.075673635227783365e-02
-4.109937560906495868e-02
-4.118892098875170937e-02
-4.155595659652400187e-02
-4.187746881362919282e-02
-4.061244580739753474e-02
-4.242158879750523859e-02
-4.161639409403683487e-02
-4.159512070150617191e-02
-4.222614202879793055e-02
-4.081342099428120207e-02
-4.139341788993666782e-02
-4.119696704580055879e-02
-4.153741718376746661e-02
-4.206189296837048452e-02
-3.942485644735715944e-02
-4.043138039099214431e-02
-4.043700132951322246e-02
-4.125304071779645199e-02
-4.181481212396054303e-02
-4.155500406836054594e-02
-4.129827470423430569e-02
-3.902963315111640519e-02
-4.140876227242262786e-02
-4.126747514980944054e-02
-4.156198419561851765e-02
-4.126859681586036999e-02
-4.152617959105753265e-02
-4.126504706863998173e-02
-4.190911659921803256e-02
-4.330735890127290766e-02
-4.111094470962139980e-02
-4.340887658206860067e-02
-3.935952839665257663e-02
-3.960492245478453022e-02
-4.149713737647497958e-02
-4.292090719125152276e-02
-4.114605435031726266e-02
-4.119587377345501622e-02
-3.989659824963265322e-02
-4.166499557403713361e-02
-4.175146737593249391e-02
-4.030553850466356280e-02
-4.214669396794734624e-02
-4.207278054006158285e-02
-4.066413241746014151e-02
-4.103054247802817578e-02
-4.154893317977581546e-02
-4.041524619257819140e-02
-3.938839950096073572e-02
-4.022766607688232909e-02
