5.727639422798146418e-01
5.693391389121355006e-01
5.681725176073165740e-01
5.371306029306996965e-01
5.664418249851070897e-01
5.594140493482220311e-01
5.390959548635061438e-01
5.419534146649480633e-01
5.274578116016679363e-01
5.440631078795856723e-01
5.474367271941882329e-01
5.327301485979030193e-01
5.301462255899280773e-01
5.335827633341457821e-01
5.149177731061787000e-01
5.207451689247701854e-01
5.320554208158411180e-01
5.135527430253574721e-01
5.181441700502215086e-01
5.005453905880890009e-01
4.997155682791976083e-01
4.974177370016994448e-01
5.184506808543307699e-01
5.017688238122672839e-01
4.949277128681676130e-01
4.870438438337084675e-01
4.948721809881270195e-01
4.943111744004368147e-01
4.788621696975491338e-01
4.755820418999515686e-01
4.486298988885770722e-01
4.495080939529291220e-01
4.476233352119881603e-01
4.438114848128773549e-01
4.493829314622090898e-01
4.207935761850938317e-01
4.126247139659788843e-01
4.073014039759931260e-01
3.990254657565687202e-01
3.896360391239405141e-01
3.705173237633894168e-01
3.691295880978338051e-01
3.694981747768375513e-01
3.737365275932763575e-01
3.473390185450193623e-01
3.444632628365339455e-01
3.325040225649558145e-01
3.105383959561872631e-01
3.075074126833351462e-01
3.093424024635593739e-01
3.156614389525813635e-01
2.897156341437377991e-01
2.932517436171687697e-01
2.669307905945100812e-01
2.892952661847946194e-01
2.702708248681711112e-01
2.643578448071772780e-01
2.454392006276943095e-01
2.396472780675216185e-01
2.394885425276217505e-01
2.279658516631181131e-01
2.165415112131949815e-01
2.163694739732676675e-01
2.190252523151611230e-01
2.013899801555032454e-01
2.032324851397777632e-01
1.819842142004182151e-01
1.802444672831809980e-01
1.841494111020935964e-01
1.699360592735221775e-01
1.648641878536305505e-01
1.604246510261917447e-01
1.752706745601065874e-01
1.735803278418853735e-01
1.645773569351246524e-01
1.524159168375136542e-01
1.417023747747816476e-01
1.427587633447882087e-01
1.321124006813972906e-01
1.281134261098538785e-01
1.321826128667421552e-01
1.499120916100263878e-01
1.412475156323784731e-01
1.281975782420907706e-01
1.266312718230002687e-01
1.241367381014782945e-01
1.109839917203601090e-01
1.295331324263951922e-01
1.207380723408507661e-01
9.651134964245589032e-02
1.061032289136596418e-01
1.300025021663222535e-01
9.658798260033707450e-02
9.221204217593592656e-02
9.691729741249910379e-02
7.403083915049424313e-02
8.607552041546573385e-02
8.565673020862329956e-02
6.465112384637594634e-02
9.090717850456020432e-02
6.150585040272882331e-02
4.416857720312217239e-02
4.568032370393804165e-02
3.417086686895975944e-02
2.707806762102815679e-02
3.071870136709919930e-02
1.495488717387449817e-02
5.811765915993194476e-03
5.554484458319297602e-03
5.212571595354265064e-03
1.545799408840031752e-03
-1.810357106619608913e-02
-9.310166087999061091e-04
-1.033889581475611052e-02
-8.940256755278319645e-03
-1.758923781740473480e-02
-2.492262193800254266e-02
-1.879429298466295251e-03
-2.141711252108158270e-02
-2.386956895840341986e-02
-3.612825585571299847e-02
-3.469739689425921370e-02
-2.197013591030572144e-02
-4.310017193406157077e-02
-4.190962792006769355e-02
-4.050487658074275465e-02
-4.832722266154321211e-02
-4.503408077087334149e-02
-5.521353528831540736e-02
-6.047089967791019482e-02
-4.974482734077123602e-02
-4.780170229792712888e-02
-5.819964744421279867e-02
-5.671966262000505132e-02
-5.579452541029650270e-02
-5.525717061585955214e-02
-5.890295608605877753e-02
-6.626691145551855122e-02
-5.969020757146359379e-02
-3.992305621792202608e-02
-5.039863271220479390e-02
-4.104215238547448408e-02
-6.039865406765376754e-02
-7.431295487283273715e-03
-2.760012242933251869e-02
2.087368405770728685e-03
-4.437485632968707350e-02
-2.480320147129622121e-02
-2.757833787038332929e-02
-3.810685055536144894e-02
-3.485725068478551236e-02
-3.716202184331707237e-02
-3.263138057502668055e-02
-5.183948613916022907e-03
-1.398574960956899815e-02
-1.825394666587865089e-02
-3.246197753564672439e-02
-2.295044646013444378e-02
-7.917953849545522615e-04
-3.885087827995059584e-02
-4.473933045038180900e-02
-4.504390077697584260e-02
-3.358269415972836569e-02
-2.967796502245367840e-02
-5.818440806790414754e-02
-4.191910082913663516e-02
-5.669443981055777293e-02
-4.507140847298618525e-02
-5.786622915707506642e-02
-6.339242013594814651e-02
-5.471307223701726841e-02
-7.565090246091710213e-02
-6.035990853724149119e-02
-6.545190958351643218e-02
-8.119757314708642149e-02
-7.249302376872357456e-02
-7.109351974083288894e-02
-6.889202276747430354e-02
-7.880234989045420413e-02
-7.428137273649815242e-02
-8.170244241910662453e-02
-7.771561281290750856e-02
-8.896565476083972968e-02
-7.886170521040791748e-02
-7.504258840208311021e-02
-8.783100708785074318e-02
-8.731977839515403517e-02
-7.473395494627532720e-02
-5.595019088732100521e-02
-6.934937429018939170e-02
-8.342859004769387354e-02
-9.563545699175857173e-02
-8.148871896218046196e-02
-7.616498017338835247e-02
-8.570759521598692032e-02
-9.494584013844908910e-02
-8.270348975770436262e-02
-9.007860964272662585e-02
-1.032020137473619315e-01
-9.567573625283709582e-02
