5.047995143945271934e-03
5.846029801164343009e-02
3.540678349574810646e-02
4.394479373608040085e-03
2.705290217194566971e-03
1.075752457423118091e-02
1.178182635085189833e-02
6.104239501679264990e-03
1.160733496519350538e-03
1.498032641750302041e-03
6.418794203428279666e-03
1.041787955890227657e-02
9.591776526660100721e-03
5.587326990406871197e-03
1.873972985700356197e-03
5.383046533892210661e-04
1.164115946920452060e-03
1.914997346372016018e-03
1.723852087484933904e-03
8.734091213737915638e-04
5.694555097246478681e-04
1.462992103569482616e-03
2.969214141924303441e-03
3.936694951453545421e-03
3.559524233511912605e-03
2.256411170286076739e-03
1.045274812301988376e-03
5.696167395793372279e-04
5.636118337853934790e-04
5.877713972624043492e-04
5.379654191992599976e-04
6.064523716897696204e-04
9.622292252491337905e-04
1.514090391256495138e-03
1.930345110814579712e-03
1.937573799578151679e-03
1.594619966280075296e-03
1.132036321937368584e-03
7.783519920872006281e-04
6.154355865070071374e-04
5.781408977266755400e-04
6.117466409633065538e-04
7.452581017107773320e-04
9.803576495597265961e-04
1.254753116733064999e-03
1.421894948519741853e-03
1.385290557571972059e-03
1.184390922151612457e-03
9.472933489684809416e-04
7.834910219914892338e-04
7.097976872361133616e-04
7.087151353654119745e-04
7.784890347203310412e-04
9.195329895482773352e-04
1.092429107515502373e-03
1.196859830453145257e-03
1.136304869707838172e-03
1.023375590664343804e-03
9.071944074889870535e-04
8.179538020326448944e-04
7.864690485325231961e-04
8.115273768479758232e-04
8.667722230547569851e-04
9.523718945451120632e-04
1.004103291520896946e-03
1.036603105413425041e-03
1.027040326018746619e-03
1.000200929823114038e-03
9.619168125157839810e-04
8.931808692093090585e-04
8.395706778772105139e-04
8.083612601341716442e-04
8.362069289288287521e-04
8.981304711956905606e-04
9.875864489321539708e-04
1.044502747106212937e-03
1.005046177077639769e-03
9.287212080334450448e-04
8.429046062270462158e-04
7.718159208564001617e-04
7.427389524284899736e-04
7.761948133532259320e-04
8.762193490701175591e-04
9.890297034013117994e-04
1.083052653615856897e-03
1.107671524515518868e-03
1.053826624600406880e-03
9.355986153433137886e-04
8.449069455649382832e-04
8.100580146191971309e-04
8.335693393971554954e-04
9.047740807929249840e-04
9.581232756603608181e-04
9.841247109301232143e-04
9.846650756200059362e-04
9.659773990106090835e-04
9.352027530366013863e-04
8.668608996399429500e-04
8.211354635401235669e-04
8.229702890458767683e-04
8.791210580976205335e-04
9.534243510862516757e-04
1.002318304055616061e-03
1.028771500733216548e-03
1.010108183334579302e-03
9.257509117965856404e-04
8.173380625653425824e-04
7.743939705121549721e-04
8.002536677480520666e-04
8.948644815678363784e-04
1.020141147089481670e-03
1.117249164795386385e-03
1.113848064024813844e-03
1.021094601934890989e-03
8.605273338402330552e-04
7.763840295955670712e-04
7.883443095956232938e-04
8.641950080094940034e-04
9.717637310442395204e-04
1.050384543099025514e-03
1.065498046894708395e-03
1.012192688703117405e-03
9.121237802192094790e-04
8.346740105816818911e-04
7.805781417482560158e-04
8.083669249588920636e-04
8.473391096029958547e-04
9.381861448327644126e-04
1.018255387780109267e-03
1.051996553931067169e-03
1.004955872949686579e-03
8.604859335062942094e-04
7.784886999699924814e-04
7.675040279354616857e-04
8.294959459407280633e-04
9.448005914464152610e-04
1.026246303253874892e-03
1.038162377751339349e-03
9.902171006286319965e-04
9.234423308672745634e-04
8.893457423757578084e-04
8.403415087447907439e-04
7.941874036641038970e-04
8.436142245126232453e-04
9.536924417449244018e-04
1.060853567955044596e-03
1.090150579455051449e-03
1.003113516567233354e-03
8.941404372625472163e-04
8.082806922153906726e-04
8.130305574666207846e-04
8.806654286076520677e-04
9.735031488764533947e-04
1.029602346972913196e-03
1.047908154286791849e-03
9.806138605679137754e-04
8.934747875176674015e-04
8.511438148609551391e-04
8.694423341552015572e-04
9.475781082258771804e-04
9.969826425832994943e-04
1.007364850883485374e-03
9.969024582370256127e-04
9.535631386869969361e-04
9.014329450148794720e-04
8.952411238654089942e-04
8.641853519416597962e-04
8.865655117575865773e-04
9.452666694650391221e-04
9.693307538869433415e-04
9.427149414201752009e-04
9.201855749493281778e-04
9.154743297051792794e-04
9.090714856704318336e-04
9.402662714208531725e-04
9.721729261443767811e-04
9.973827121001477281e-04
9.668923053528510891e-04
9.248081427895016304e-04
9.210132861268149895e-04
9.179091564753827370e-04
9.327477333995748410e-04
9.385278997144919089e-04
9.318469164313336606e-04
8.958129761734712204e-04
8.417434851237803883e-04
8.349966185522417206e-04
8.895340563090936570e-04
9.040609875047289634e-04
9.463043335793397404e-04
9.614786645473216709e-04
9.391413529790115788e-04
8.773308040952443321e-04
8.508500818318331937e-04
8.943206257978619789e-04
9.753753953063437621e-04
1.011085362549013489e-03
9.677804151345670292e-04
8.481559750770362172e-04
8.170988708352533436e-04
