1.201323573670882716e-01
2.329093590115460799e-04
8.039659497562634538e-02
1.323323468178034812e-01
9.518902988759914141e-02
3.924663244809745155e-02
6.115604418355014005e-03
9.813859081390097217e-04
1.016781083080009473e-02
1.792927997178417332e-02
1.799182676833754879e-02
1.120569669370374832e-02
3.420825688980277945e-03
1.682892982814987448e-04
3.285507642499019276e-03
1.071091362625431476e-02
1.751163053250670565e-02
1.924401441369527621e-02
1.560386416426751133e-02
9.342128029464769057e-03
3.734713119182830887e-03
6.857517209939434366e-04
2.204971767232333235e-04
7.944701400127707203e-04
1.128077605311084142e-03
8.314114512035786220e-04
3.171108516584197901e-04
2.311147043548844593e-04
1.122451355294762365e-03
2.917495775078937648e-03
4.927872218603357446e-03
6.236500930007826682e-03
6.268088345414035700e-03
5.122382681797765791e-03
3.410980405206265331e-03
1.831038132333651092e-03
7.981414780677820175e-04
3.286555814823177712e-04
1.980157224287237838e-04
1.859652143083589948e-04
2.419872033528891464e-04
4.693051515914925531e-04
1.017412691485253262e-03
1.826270802423257678e-03
2.667347486400850620e-03
3.207781668470355285e-03
3.273683109733971364e-03
2.913159380380170305e-03
2.249982097686009652e-03
1.560082448804789301e-03
1.021653253884591273e-03
7.096364413301525786e-04
5.845530142992716449e-04
6.042243357369248002e-04
7.589078145143757226e-04
1.049650951209790684e-03
1.423299598156679835e-03
1.746957409504590331e-03
2.029790818766530336e-03
2.130196759053015754e-03
2.036630942736761263e-03
1.789109296053803533e-03
1.486690702157011934e-03
1.211737173216209662e-03
1.081700388339990049e-03
1.027268113069967903e-03
1.052513744994487688e-03
1.168055270608925333e-03
1.339101745065351956e-03
1.517773576331538088e-03
1.650752544689604306e-03
1.700666570033981806e-03
1.662249944114457811e-03
1.551570230195697953e-03
1.409214144881709707e-03
1.277172875846721567e-03
1.186045514178002414e-03
1.151110964786816737e-03
1.169509327123785525e-03
1.241059444064274153e-03
1.342169223104150433e-03
1.449114256906747222e-03
1.526585932771107323e-03
1.522014563397067199e-03
1.475607344490148520e-03
1.405271141258546130e-03
1.333680727934938304e-03
1.280079179897919417e-03
1.253914672860179103e-03
1.243120666726049706e-03
1.246622542701580905e-03
1.283720515110720051e-03
1.332050758559466530e-03
1.383104738174489867e-03
1.426189055342530487e-03
1.449303367204057835e-03
1.451412165238363805e-03
1.410849521335078016e-03
1.362894870835629213e-03
1.299718170470143264e-03
1.263803407486996377e-03
1.261594050811165602e-03
1.272965277484550128e-03
1.311436801306742339e-03
1.364172361283610968e-03
1.413185189476307002e-03
1.503774759056497601e-03
1.545566688836430558e-03
1.514223753765087110e-03
1.441427262928951514e-03
1.344882407103287214e-03
1.268153248481174167e-03
1.241088696701919680e-03
1.255439270570590793e-03
1.314281900499536526e-03
1.402821974007872896e-03
1.474792324930862542e-03
1.506821454582363273e-03
1.490875888996767706e-03
1.448979079185508390e-03
1.386219894946916220e-03
1.330192743710267855e-03
1.303906905901652813e-03
1.258884055063580476e-03
1.253638555526070952e-03
1.285892984222769542e-03
1.342961145517240773e-03
1.404589363451114181e-03
1.449628086354404211e-03
1.481031994216230885e-03
1.442892411295915167e-03
1.387464398220461526e-03
1.333015226505529505e-03
1.296954267873795530e-03
1.300752646797853629e-03
1.334432303377819373e-03
1.436290728041633713e-03
1.507869967549702039e-03
1.524009059678865796e-03
1.454564194935392685e-03
1.364069625898745031e-03
1.260154468928686988e-03
1.220428366441095314e-03
1.223174993006503897e-03
1.269291727231447453e-03
1.347643708234591564e-03
1.428557916792416727e-03
1.481958929520632573e-03
1.489183659494242029e-03
1.491000456327107315e-03
1.447817215266433699e-03
1.380934745101147776e-03
1.317894610405545563e-03
1.280489846818166910e-03
1.300752756836165425e-03
1.349762227323969555e-03
1.402184630579617064e-03
1.437934073006852387e-03
1.444569134512851960e-03
1.422081087367965679e-03
1.382043396177090600e-03
1.341751889594067215e-03
1.321446126746783634e-03
1.321113329401546466e-03
1.344615796298742616e-03
1.375363843969190647e-03
1.392213982546630646e-03
1.398647827711707592e-03
1.398604652903867596e-03
1.350324101174527058e-03
1.314822127406634067e-03
1.309454762644213233e-03
1.327667354921624465e-03
1.359859643322525180e-03
1.390776171502960956e-03
1.416331156967376437e-03
1.494798422689069817e-03
1.524511995707578116e-03
1.506656072439604976e-03
1.438442625568359112e-03
1.352709904651083761e-03
1.297724899794405751e-03
1.280532113896781787e-03
1.313255520320244507e-03
1.321533745067715593e-03
1.403858629652865453e-03
1.413091699987045757e-03
1.378683143536285627e-03
1.365343754014980426e-03
1.294902252416130217e-03
1.260732123956498363e-03
1.262057024717821996e-03
1.304633543177224908e-03
1.343392064694359789e-03
1.357809978717483546e-03
1.343881630532561822e-03
1.341369036739537002e-03
1.365336601418909446e-03
1.394292751168979549e-03
1.416162896837214191e-03
