5.486842661750895855e-01
2.038018266378945897e-01
-4.888235797683826434e-03
1.026196680303004261e-02
8.902849896391840101e-02
8.224739098049471675e-02
1.817765562013395897e-02
-2.195654536564628501e-02
-2.848197587682532728e-02
-1.445510214344181144e-02
4.769922006367943723e-04
8.385194228972103758e-03
-1.317592568962355770e-03
-1.093358264019705928e-02
-2.239323700045847687e-02
-3.111189298620842258e-02
-2.790989513850683501e-02
-1.845346155500937613e-02
-1.438235847413293911e-02
-1.492693905458031267e-02
-2.395476956374120725e-02
-2.547760072562277323e-02
-2.607001330032399089e-02
-2.370910682239957268e-02
-2.564610592902472064e-02
-2.125032570212859184e-02
-1.893066312297131404e-02
-1.952918933166047921e-02
-2.048747156025143568e-02
-2.892666312382541349e-02
-2.741286091460204410e-02
-2.624303500271385481e-02
-2.492413726018449793e-02
-2.466588229446631253e-02
-2.190077743927099085e-02
-2.655769438863497811e-02
-2.742376074301700051e-02
-2.755932711170805405e-02
-2.902850737309448093e-02
-2.694866319621080919e-02
-2.619935045262078432e-02
-2.644965047358316390e-02
-2.654914255558371572e-02
-2.897176967193870745e-02
-2.758135895169688823e-02
-2.875762483580701634e-02
-2.935483070792876958e-02
-2.084979565223732401e-02
-2.712895769495582421e-02
-2.895383370217929908e-02
-2.756273612180470955e-02
-1.906660529497949952e-02
-2.944981845686744926e-02
-2.736441745527562475e-02
-2.734170806967406442e-02
-2.742463051527854745e-02
-2.903046846113443991e-02
-3.121414347857420779e-02
-2.128730475427409452e-02
-2.754968127302892533e-02
-2.940862556404999495e-02
-2.750266009011204105e-02
-2.396222184575425018e-02
-2.757012241061285174e-02
-2.385941873051034001e-02
-2.273901789359311643e-02
-2.754604327007692532e-02
-3.184801143399074164e-02
-2.916331656049786503e-02
-2.395982888986125658e-02
-2.758014201331948634e-02
-2.746992984034779539e-02
-2.398345642178534298e-02
-2.737277011687022643e-02
-2.757219006923272708e-02
-2.759429721139583513e-02
-2.760862787645490535e-02
-2.756543042376402575e-02
-2.982326998571727117e-02
-2.398125881630153167e-02
-2.758522676255736883e-02
-2.400735428948896910e-02
-2.624292354211399392e-02
-2.952778757502638740e-02
-2.753746832104519981e-02
-2.760415824495532355e-02
-2.761144043519370150e-02
-2.752655967297701345e-02
-2.628774401538724881e-02
-3.116000200566482192e-02
-2.906546151542932499e-02
-2.758954050812478798e-02
-2.771924079223331283e-02
-2.980445886766225350e-02
-2.757471306929404342e-02
-2.759812989981935694e-02
-2.402409329725108122e-02
-2.549206545282922676e-02
-2.739920701190268204e-02
-2.905520087495427894e-02
-2.759497156848800259e-02
-2.754490641941420570e-02
-2.551635089692205760e-02
-2.758100998901436007e-02
-2.761169614654446214e-02
-2.627178347171699180e-02
-2.504853519679861584e-02
-2.759482077439323611e-02
-3.105001528529061083e-02
-2.761379332726932034e-02
-2.691321564772342079e-02
-2.758267184930662808e-02
-2.957935264736000214e-02
-2.759728354979351650e-02
-2.961101040820635077e-02
-2.851138743694869859e-02
-2.751753262935485722e-02
-2.760746316877593642e-02
-2.753315165531589059e-02
-2.960080737795722783e-02
-2.758923864845885809e-02
-2.398043204502120496e-02
-2.962407218344287330e-02
-2.989507937846691554e-02
-2.748266948420030609e-02
-2.760546837104360662e-02
-2.734833585981033544e-02
-2.749804676531764080e-02
-2.754833203273965303e-02
-2.446361891846327019e-02
-2.901322053795207800e-02
-2.749574270183763325e-02
-2.736226373382377730e-02
-2.761369224928711397e-02
-2.962306345741172464e-02
-2.238878370948049756e-02
-2.735218958550689194e-02
-2.758508166985884635e-02
-2.759866532175703213e-02
-2.905513316674124269e-02
-2.756129941608898015e-02
-2.892830233723819866e-02
-2.921153860411518366e-02
-3.064691763390792190e-02
-3.122176616501604052e-02
-2.760600591297279749e-02
-2.758506205436161984e-02
-2.761230868041542053e-02
-2.755362138136185912e-02
-2.525297163493500641e-02
-2.748468731214814831e-02
-2.757954403577977942e-02
-2.759859850985235674e-02
-2.750924150157962877e-02
-2.674421957151063012e-02
-2.405568776437583267e-02
-2.728867514098709535e-02
-2.760264282634938837e-02
-2.759190300059288781e-02
-2.761428523303233185e-02
-2.761589518409457433e-02
-2.760425066459837318e-02
-2.397524772966286299e-02
-2.757130374167537923e-02
-2.392951171904322827e-02
-2.755474780563993420e-02
-2.627624495116864800e-02
-2.760772280075585172e-02
-2.398793670461518701e-02
-3.134740873524610727e-02
-2.760951597466010377e-02
-2.405925402319497586e-02
-2.761486473138852205e-02
-2.756995337345835573e-02
-2.761317166038157467e-02
-2.407510822815517315e-02
-2.499771817079188274e-02
-3.233323411452126983e-02
-2.962777083492373897e-02
-2.756962969677667630e-02
-2.761118730076628225e-02
-2.962311894190206019e-02
-2.403142392101020874e-02
-2.924994754898846416e-02
-2.934060680128514065e-02
-2.815059283561627268e-02
-2.605996048905812046e-02
-2.545899053332267847e-02
-2.570569170431369344e-02
-2.257947910795810031e-02
-2.739022923116896102e-02
-2.828760442622968441e-02
-2.746476337576786442e-02
-2.556604197273260048e-02
-2.900346063902059512e-02
-2.898878304563767827e-02
-2.748406285515736514e-02
-2.956532042103976465e-02
-2.406398942555165732e-02
-2.408356559022184484e-02
