7.710204456061066081e-01
5.990860410796092772e-01
5.031675307566230160e-01
5.137644862732622109e-01
5.487681334313776471e-01
5.450147181865091506e-01
5.092142364961407264e-01
4.908654501494980060e-01
4.904850775049008904e-01
5.007010121969768246e-01
5.069423095929868062e-01
5.094755124307518424e-01
5.027493177447910355e-01
5.006364352770658055e-01
4.964274227331043621e-01
4.855892819733953480e-01
4.890428817452273647e-01
4.961546439489769034e-01
4.974329369551645508e-01
4.994555728753894419e-01
4.907161646446909220e-01
4.949930190798683682e-01
4.911037479249314996e-01
4.948263296347705786e-01
4.897326615810001504e-01
4.969640381630888726e-01
4.985133689591978445e-01
4.966213931728492570e-01
4.965745915386198250e-01
4.891618999047715466e-01
4.930427019485726925e-01
4.941485160848378966e-01
4.935473335264188854e-01
4.941166453444426621e-01
4.963017230353682363e-01
4.941421915084608374e-01
4.928631649517819513e-01
4.934654513767485762e-01
4.911770542902881287e-01
4.942515611088660332e-01
4.933505647393947591e-01
4.931619336441372958e-01
4.937658704872289750e-01
4.888854858453192120e-01
4.927780937965845487e-01
4.898540135282498653e-01
4.901591648600345241e-01
4.967479325322120554e-01
4.931216258161601473e-01
4.906068800324735468e-01
4.936421608948983186e-01
4.983948083458450418e-01
4.909859989179787831e-01
4.932486018044233145e-01
4.931585682344142851e-01
4.931366200385671750e-01
4.892796307703846104e-01
4.869421228298460580e-01
4.955258796778980734e-01
4.931791463281807175e-01
4.923182806795662891e-01
4.930068581452711207e-01
4.947470844696780778e-01
4.927849527442377253e-01
4.956271032326303727e-01
4.957834795742152023e-01
4.927975048411156189e-01
4.891870417892243417e-01
4.909106997856224064e-01
4.953963360760440526e-01
4.927038382258780436e-01
4.941641048365645883e-01
4.946281220832571268e-01
4.921451558414325911e-01
4.929147565547695731e-01
4.929257701484192067e-01
4.929509072874216358e-01
4.926425951741048026e-01
4.906705175219723269e-01
4.948804676466951324e-01
4.928609868537784378e-01
4.949432849981069138e-01
4.923645461893582098e-01
4.872906055621377686e-01
4.925552357651855617e-01
4.932055202973798513e-01
4.931723743303735308e-01
4.924526910662480050e-01
4.938576425275313930e-01
4.857968090122040117e-01
4.889498258716254986e-01
4.929402185295175265e-01
4.934529300220663606e-01
4.909360942892059265e-01
4.926739158835126142e-01
4.929013183604967763e-01
4.949360473165841379e-01
4.904539067910814731e-01
4.921115542219571815e-01
4.888157017110362768e-01
4.928240716739202831e-01
4.938391721483615937e-01
4.905906118417113770e-01
4.927875232846251619e-01
4.932933949407919405e-01
4.923153026296889223e-01
4.943202709825081920e-01
4.934756523865319044e-01
4.872338587174194213e-01
4.932632306775492914e-01
4.937796194481914869e-01
4.927477226259919796e-01
4.918535302737042647e-01
4.929229565456014761e-01
4.911378377633510706e-01
4.916868216463609054e-01
4.924239946634311194e-01
4.933537055338947930e-01
4.939283286214581903e-01
4.909863982436898366e-01
4.936107836153390549e-01
4.955631025467609474e-01
4.912967251177328132e-01
4.862360533363365711e-01
4.941651096684052114e-01
4.934254701793195919e-01
4.946273238400672456e-01
4.941122316633095313e-01
4.938727066008022915e-01
4.939374614689101550e-01
4.895774701282191721e-01
4.941148691210542898e-01
4.920180125781274949e-01
4.933202307616345594e-01
4.914592649898590349e-01
4.950664477467813240e-01
4.915486006918835526e-01
4.927326284207874663e-01
4.928405123364737461e-01
4.886452968316257195e-01
4.938010859843923184e-01
4.880262670506160250e-01
4.915589532506978721e-01
4.864025053255817133e-01
4.858383214029938779e-01
4.934403198913606126e-01
4.936431943693453395e-01
4.930113946516178070e-01
4.938381471318145088e-01
4.937794321228946570e-01
4.923116537521323721e-01
4.927026111317018842e-01
4.928567163496002657e-01
4.940561131224128211e-01
4.929526303288231937e-01
4.947303638321153274e-01
4.918901992831220538e-01
4.929890958724598704e-01
4.928318882055308103e-01
4.932889532302864311e-01
4.932369656590438467e-01
4.929350208621385843e-01
4.942321963407804164e-01
4.926608238161681586e-01
4.959186519402273285e-01
4.925841558207628701e-01
4.936507850222681126e-01
4.933741862338050232e-01
4.942052577462868745e-01
4.861871033934783704e-01
4.930125048171496438e-01
4.949189766930143231e-01
4.931118988867759789e-01
4.937491463810510517e-01
4.932863957575664982e-01
4.948739740131533615e-01
4.956015463139090693e-01
4.866699819335649213e-01
4.913753805277555342e-01
4.926472817991125464e-01
4.933534049538603750e-01
4.915073681186712395e-01
4.943585670931048837e-01
4.911322939476356897e-01
4.883374250452041654e-01
4.880919423394681766e-01
4.935535857773186708e-01
4.896257237238262894e-01
4.927013332597028894e-01
4.957497259093690545e-01
4.920833070667050002e-01
4.939816586928507114e-01
4.922840741021877742e-01
4.908697099781129669e-01
4.894694685711189486e-01
4.895337133559194420e-01
4.940880489599299707e-01
4.908978634996168378e-01
4.944781664715925951e-01
4.945407500031994141e-01
