9.076804994910218083e-01
8.942002202579106829e-01
8.765512111878108747e-01
8.543252611800395968e-01
8.269124325438956813e-01
7.949292628968465113e-01
7.577206033630597970e-01
7.157866906530363504e-01
6.733579984884847658e-01
6.359080405565844529e-01
6.040997690056642000e-01
5.746391334188141187e-01
5.526408194941305752e-01
5.357469457643402322e-01
5.226791278339122382e-01
5.147467984828233423e-01
5.104523073516784581e-01
5.080993326718475922e-01
5.064629330939086627e-01
5.052685872239489617e-01
5.044987483236265113e-01
5.038350643371931614e-01
5.033760457459786064e-01
5.030403872304788360e-01
5.030088196742437123e-01
5.029678267026514993e-01
5.029255930410150288e-01
5.033959805812822097e-01
5.037756292248076750e-01
5.043083676912104574e-01
5.049390485920788318e-01
5.054260235179491856e-01
5.058245738884774578e-01
5.068943492872068912e-01
5.079075748319099581e-01
5.087956029094231614e-01
5.096502764644308403e-01
5.107987085119642945e-01
5.126423065759548869e-01
5.139172178750712749e-01
5.145502885241229896e-01
5.144937485305751679e-01
5.138907714092653123e-01
5.130068731440917684e-01
5.121096000375831014e-01
5.112137209854468178e-01
5.107236272387776221e-01
5.103230413019081979e-01
5.099551381538626194e-01
5.098743718600751151e-01
5.095788881071249277e-01
5.132693187895771558e-01
5.173497895435174021e-01
5.224347812592878837e-01
5.273792165574077151e-01
5.320783629726223429e-01
5.363824878011337338e-01
5.399229609283915376e-01
5.451379127933819735e-01
5.479928079412925701e-01
5.491170711207509214e-01
5.533712263348375959e-01
5.594220126464909404e-01
5.520915704484608000e-01
5.340843612153693964e-01
5.353955898292390714e-01
5.514968490740768114e-01
5.202026320894275191e-01
4.736538092544890777e-01
4.781550047548535076e-01
4.575910340916803376e-01
4.081025857826476866e-01
4.214581963967634071e-01
4.238686569541449956e-01
3.342558871849262703e-01
3.682255016452727903e-01
2.877441407708634102e-01
2.391950173815483582e-01
1.933831707317030801e-01
2.991766077119262235e-01
1.420327986395746311e-01
1.694379542423012364e-01
1.081560729731749770e-01
1.692457955504205191e-01
9.198115957527774889e-02
1.246300176796594217e-01
8.891781685039368277e-02
5.983087799867825574e-02
2.466246239996916501e-01
1.006346052112099265e-01
8.924818302238279877e-02
2.301319721249052153e-01
9.765235561266671915e-02
4.768545072214513958e-02
3.058756996470566314e-01
2.713796824545059438e-01
5.336640925704849714e-02
7.274699057538391855e-02
1.240676674209627572e-01
3.735198357478020093e-02
4.751629014495661885e-02
1.361554480553111013e-01
1.714634986400522809e-01
5.140637776818923754e-02
3.082955033811862755e-02
7.506819843414025417e-02
5.681150493729725248e-02
3.752641894051245153e-02
4.258123078608710976e-02
3.944071761249623442e-02
4.642579080597664110e-02
6.260531021485182812e-02
7.230389720776542184e-02
4.751379870743099865e-02
3.632142933100168669e-02
2.776299314310493038e-02
3.206086709399635915e-02
2.728161046635668718e-02
2.377651288654525352e-02
2.420289326859070833e-02
2.184674923277918346e-02
2.508171421132154855e-02
2.022072116233730732e-02
3.052351749980020124e-02
8.029477506747628723e-02
2.768143949961276995e-02
4.977909005602776382e-02
3.166017657011876985e-02
1.803479164344978791e-02
1.786787372621900793e-02
1.601546713177648407e-02
1.479997266915211718e-02
1.565668461780078680e-02
2.213386850052523336e-02
1.230386848217590590e-02
1.362237896557139116e-02
2.029953986749988282e-02
1.728832584658435145e-02
2.210934542288200966e-02
2.386861570821152689e-02
2.910191385064830882e-02
8.573693520173164551e-02
6.010770418298072570e-02
3.810853102975975126e-02
7.904983816736588231e-02
8.297466864122626795e-02
4.628854855499042742e-02
5.268677733378646089e-02
7.516080195738039649e-02
9.786259765009241995e-02
9.227143071134413788e-02
4.990227472449526580e-02
8.153422255820452769e-02
1.299017106605214744e-01
7.467452767264126656e-02
4.822122686812746473e-02
1.101543095966572849e-01
1.458109292768514642e-01
8.299898924865800609e-02
4.373896734403337483e-02
8.598998962454884598e-02
7.803236949119507493e-02
4.815651085764760531e-02
5.299446397058793501e-02
1.054904894524599790e-01
1.367094018758798768e-01
8.983501363473589407e-02
3.732651466060565859e-02
8.553231129910621178e-02
1.319416464360472219e-01
6.980762058993528196e-02
4.518208905790355168e-02
3.494905732546182975e-02
4.802036122333164236e-02
4.795470622104214264e-02
4.517101148391589049e-02
3.933832395973801965e-02
3.496036616902076233e-02
4.282467585848559466e-02
3.701492581496079737e-02
6.623356859337370395e-02
4.194446815404362372e-02
3.448185324861208212e-02
5.739577248175709023e-02
1.095228881504846097e-01
8.235723846205011967e-02
4.624927373211551451e-02
3.712067575194044622e-02
4.349985781975340693e-02
5.742063128964480789e-02
3.734218073844108865e-02
3.317006745569006654e-02
3.430567358036129555e-02
2.979393695615661919e-02
4.725347354024456159e-02
5.374089007127857975e-02
3.951127431310985649e-02
7.949909604566562926e-02
1.155613147398748541e-01
4.973986339291136538e-02
