3.293765162147412884e-01
3.517036365400405540e-02
-4.429842956439866697e-02
1.093563047964862811e-02
2.954225047575231855e-02
-2.547710177800421860e-04
-3.579458598569318362e-02
-4.519798668767172067e-02
-3.906913013817425728e-02
-2.797107154794709061e-02
-1.943301128873597960e-02
-2.306328595452122876e-02
-3.522364075015915752e-02
-4.256659432379006347e-02
-4.873727681501427433e-02
-4.247191482907397564e-02
-3.440574523060013767e-02
-3.334795810885915479e-02
-3.628464348566584619e-02
-4.549069460400323450e-02
-4.294493477047200969e-02
-4.947583697554880366e-02
-4.242725774929989591e-02
-4.805597479166023867e-02
-3.842998799073371607e-02
-4.049290732014387828e-02
-4.240797988062161572e-02
-4.587765190375492352e-02
-4.445130184246282035e-02
-4.717970296267126606e-02
-4.506810188216370250e-02
-4.595430218135199141e-02
-4.205169389303353711e-02
-4.279909082119526254e-02
-4.326181701227871379e-02
-4.595682916579435506e-02
-4.301209258150606729e-02
-4.954305941370673594e-02
-5.029451449707655897e-02
-4.504434938202184213e-02
-4.408954127694553193e-02
-5.067595280898729015e-02
-4.484971005433213698e-02
-4.654826877395379370e-02
-4.481961032788395194e-02
-4.473020108432246289e-02
-4.386784346062277962e-02
-4.064948756974406940e-02
-4.659018008730719806e-02
-4.883866776738354787e-02
-4.991657702402418906e-02
-4.207920317150315448e-02
-4.819819510582812327e-02
-4.951503042476201877e-02
-4.440939179640479573e-02
-4.459620342720249653e-02
-5.511140886368748326e-02
-4.831062692066989683e-02
-5.030903201405401148e-02
-4.873402123905012928e-02
-4.406951031420813791e-02
-4.826206842320734935e-02
-5.387510345263080147e-02
-4.477897747883297086e-02
-4.675487519086907184e-02
-4.218715924167648623e-02
-5.101933254450741195e-02
-4.951504286671881694e-02
-4.459587711828616463e-02
-4.881125924824858409e-02
-4.274162778959844644e-02
-4.419669470022902225e-02
-5.068897784464088119e-02
-4.697874338050334053e-02
-4.756039990971339115e-02
-4.345026796951123593e-02
-4.453485455634975665e-02
-4.732789515915292178e-02
-4.167231758118616902e-02
-4.493198214594862350e-02
-4.654214816721657932e-02
-4.460955071924321835e-02
-4.418929829484952165e-02
-4.473265444574670013e-02
-4.410445194205703245e-02
-4.424376842496990925e-02
-4.487449936651577431e-02
-4.596629406184016275e-02
-5.343485679161030788e-02
-4.765637476325346178e-02
-4.776906283800852471e-02
-4.635181163224166845e-02
-4.445841753675328079e-02
-4.361800420822592450e-02
-4.675448021842898427e-02
-5.023417990397027744e-02
-4.810017203047922685e-02
-4.501749821912959248e-02
-4.493520273315798619e-02
-4.524797376368727697e-02
-4.848298009124452079e-02
-4.648799248326351830e-02
-4.538727103453576994e-02
-4.784805611916320700e-02
-5.350496997902376428e-02
-4.298069390139791501e-02
-4.699584571375114983e-02
-4.384196081269808865e-02
-4.653321145764821587e-02
-4.863050519776823677e-02
-4.694012018901450034e-02
-4.774029085713293874e-02
-4.980989774710775642e-02
-4.923223302587964589e-02
-4.713214940188237279e-02
-4.521711862285138217e-02
-4.504255381726895990e-02
-5.004049225734963358e-02
-4.878123668799294599e-02
-4.354316681145298240e-02
-4.304214660563143724e-02
-4.900764480781005794e-02
-4.397771518713589067e-02
-4.540981240539299080e-02
-4.327104152708516338e-02
-4.520594022166113390e-02
-4.542718463706818532e-02
-4.315925006220822091e-02
-4.579490365893557069e-02
-4.716517735674075062e-02
-4.657804421138500572e-02
-4.396749129573107595e-02
-4.421864377569684201e-02
-4.392946138985487359e-02
-4.925702395828501778e-02
-4.626322862038412254e-02
-4.900102029194508546e-02
-4.454688510729454265e-02
-4.946513732492885396e-02
-4.509895052493706480e-02
-4.871578277185117933e-02
-4.885686774791175857e-02
-5.277376970965974579e-02
-5.211691077473346034e-02
-5.118857890883155015e-02
-4.877529655125556474e-02
-5.027959307601892469e-02
-4.461164161954433993e-02
-5.049119174437777247e-02
-4.609449619588423808e-02
-4.542634538271816957e-02
-5.391711325911141550e-02
-5.211784449950473963e-02
-4.309986495571904719e-02
-5.392627999503618597e-02
-4.447411402256684632e-02
-5.279234737809423983e-02
-5.020860048768227557e-02
-4.509583918447468420e-02
-4.704358736715485989e-02
-4.516508879803438070e-02
-4.947389007506552971e-02
-4.538423526250068285e-02
-4.512712394920459502e-02
-4.446274848166753557e-02
-4.695980625747719905e-02
-4.441544717226686423e-02
-4.959592408089896765e-02
-4.443606588010773351e-02
-4.547493115085310400e-02
-4.379967647223637073e-02
-4.421459550423501028e-02
-5.557182085814948991e-02
-4.386001499753966471e-02
-4.532853649677570651e-02
-4.539388290710455465e-02
-5.123651749962609969e-02
-4.511793228734228833e-02
-4.593676226662202211e-02
-4.474780594559746305e-02
-5.413035561856727185e-02
-5.378546177991538890e-02
-4.883426930970324875e-02
-4.387545964375672014e-02
-5.206459170269961412e-02
-4.406159737084824890e-02
-5.169858772026092453e-02
-5.897383127434374650e-02
-4.869478382367842251e-02
-4.466641389330749945e-02
-4.758005148837773923e-02
-4.860808008831662974e-02
-4.536592835049924055e-02
-4.901624295636652917e-02
-5.045338200106574966e-02
-4.746907362468388847e-02
-4.525518625837188225e-02
-4.365090564181750565e-02
-4.853569421309189558e-02
-5.565815490163772417e-02
