1.201323478761278096e-01
1.774272613440652790e-04
1.086166743374733512e-01
2.236375841031643663e-01
2.102725519751074135e-01
1.321104753107837926e-01
5.702658645949298943e-02
1.515194239848649538e-02
1.258935202566702216e-03
5.701474670040118653e-04
1.459131663293367076e-03
6.026955024893698720e-04
5.165843777112932855e-04
5.859668389068484196e-03
1.973742126193511748e-02
4.006105524851333310e-02
5.921262898858181689e-02
6.877432326700538834e-02
6.549483934924871242e-02
5.260853881645122243e-02
3.663658180234252715e-02
2.215249870375390895e-02
1.228908306273113205e-02
6.918094186982193250e-03
4.768120314764479062e-03
4.819395158291106540e-03
6.847445842735666588e-03
1.119570193426755456e-02
1.780238644791665159e-02
2.573708875016311737e-02
3.332678091417684563e-02
3.848078844575997248e-02
3.972748277017357221e-02
3.702740711979501942e-02
3.169494047828724792e-02
2.537081857504641658e-02
1.962709535620643653e-02
1.538091929170248839e-02
1.292793674519310265e-02
1.217096350583179998e-02
1.300470910554996085e-02
1.526342891679077773e-02
1.861915432994198927e-02
2.245253257871282493e-02
2.604793522245152371e-02
2.843754448430246828e-02
2.918033404850794987e-02
2.820341153926175792e-02
2.591639432282455413e-02
2.309396918898276585e-02
2.037312109948108407e-02
1.833398264250429843e-02
1.721110899741462585e-02
1.705218504987349171e-02
1.776480950862535657e-02
1.919390276788701666e-02
2.093779381486293723e-02
2.260774014020028311e-02
2.394355578399787188e-02
2.463334395744731786e-02
2.458223437656814614e-02
2.383677241997217422e-02
2.273656297708381846e-02
2.149341733494325446e-02
2.030855900379968659e-02
1.959512562167919913e-02
1.938602215460261124e-02
1.978233691929109916e-02
2.061250863783592457e-02
2.168351329916429204e-02
2.264089540875435791e-02
2.325335982635445831e-02
2.348300226351895947e-02
2.320760476975181064e-02
2.254588072368624019e-02
2.170654388969206483e-02
2.091697325517360984e-02
2.036236310890238155e-02
2.016378612989022656e-02
2.040917628350424895e-02
2.090748117828533648e-02
2.162421148097737333e-02
2.236986580987998519e-02
2.263188662469961532e-02
2.256426247347542713e-02
2.221628478639592341e-02
2.171342456135272325e-02
2.121220472573226434e-02
2.074777821070128425e-02
2.043173165572520489e-02
2.031603726359332285e-02
2.054957608177576667e-02
2.111585086730272121e-02
2.177001084250873575e-02
2.229990681689575371e-02
2.255666304666836819e-02
2.259251572651699291e-02
2.226899849555241673e-02
2.175988142657891977e-02
2.109174601125451964e-02
2.062376026710832644e-02
2.046995929111405932e-02
2.060373445523200342e-02
2.100224174427556267e-02
2.152628776631992924e-02
2.213536705343488453e-02
2.239817997453186216e-02
2.236438559929043723e-02
2.195710366014058668e-02
2.145879153116303506e-02
2.090573409464346888e-02
2.060399946026614248e-02
2.066037022166944404e-02
2.098413088005757210e-02
2.149459317117241586e-02
2.190325121800651420e-02
2.215330169931195581e-02
2.217598233864070956e-02
2.198432050838194929e-02
2.170572783167934450e-02
2.139726198522484690e-02
2.128108925954219632e-02
2.130058852390326329e-02
2.111215599055005221e-02
2.107928505226319693e-02
2.119850850843640888e-02
2.141663086169942609e-02
2.165197813187602627e-02
2.182320171931062536e-02
2.210077098600604639e-02
2.198383502874856621e-02
2.172133107316498446e-02
2.141876745042881058e-02
2.118455483467573952e-02
2.113705242404795293e-02
2.140487570323224009e-02
2.159359092616164322e-02
2.174098118825351644e-02
2.179880727957150821e-02
2.158020960483530981e-02
2.136476710596768580e-02
2.105622771831883178e-02
2.104357395645684026e-02
2.112804423616676530e-02
2.131095141759320466e-02
2.155481796418035056e-02
2.176626637414791343e-02
2.187026673890235529e-02
2.183794962717655608e-02
2.153030659648080825e-02
2.125290796959522499e-02
2.110444270517708443e-02
2.112624906421312065e-02
2.129445757388181981e-02
2.174339728189855769e-02
2.221038397958141619e-02
2.237520740708753841e-02
2.220035449667556726e-02
2.178729158855219339e-02
2.131966234697912910e-02
2.097924769341008577e-02
2.088179703916737129e-02
2.117656967066194884e-02
2.158026972428173096e-02
2.207218040451530694e-02
2.230710004058555906e-02
2.206565674734073390e-02
2.163824943519743194e-02
2.135552626447356772e-02
2.099967079335463005e-02
2.088602781494963700e-02
2.117886440873040232e-02
2.158327611198374019e-02
2.192946235933102006e-02
2.208192715631185354e-02
2.214799424485591750e-02
2.181837436127864738e-02
2.154949410862716519e-02
2.135220423189132521e-02
2.124533069261835827e-02
2.126261506976079296e-02
2.143986711152945368e-02
2.178829227465517437e-02
2.210979480961505761e-02
2.186727421291423390e-02
2.127997251206814600e-02
2.099745215437420764e-02
2.091244421429672151e-02
2.135529697100135849e-02
2.208437568263388329e-02
2.251540607735003086e-02
2.246651190884418892e-02
2.202427089502756452e-02
2.137353640639882979e-02
2.065882102136218368e-02
2.017845984367550027e-02
2.030399135581384407e-02
2.098547639702597056e-02
2.200289257361887074e-02
2.290210863694297494e-02
